timestamp_utc,sample_index,race_time_seconds,game_state,is_racing,is_paused,level_id,level_name,car_id,car_name,player_steer,player_throttle,player_brake,position_x,position_y,position_z,forward_x,forward_y,forward_z,right_x,right_y,right_z,up_x,up_y,up_z,velocity_x,velocity_y,velocity_z,angular_velocity_x,angular_velocity_y,angular_velocity_z,vehicle_applied_throttle,vehicle_applied_brake,vehicle_applied_handbrake,vehicle_control_candidate_1dfc,vehicle_applied_steer,vehicle_frame_delta_ms,vehicle_frame_delta_seconds,speed_magnitude,planar_speed_magnitude,yaw_radians,yaw_degrees,pitch_radians,pitch_degrees,roll_radians,roll_degrees,yaw_rate,quat_x,quat_y,quat_z,quat_w,camera_position_x,camera_position_y,camera_position_z,camera_forward_x,camera_forward_y,camera_forward_z,camera_fov,camera_mode_index,camera_family,camera_tracker_vtable,camera_tracker_slot_a_vtable,camera_tracker_slot_b_vtable,camera_output_active_profile_ptr,camera_output_active_profile_vtable,camera_output_source_node_ptr,camera_output_target_node_ptr,camera_goal_view_active_profile_ptr,camera_goal_view_active_profile_vtable,camera_goal_view_active_clip_ptr,camera_goal_view_active_clip_vtable,camera_goal_view_source_node_ptr,camera_goal_view_target_node_ptr,camera_goal_view_runtime_seconds,camera_goal_view_dirty_flag,player_camera_list_count,player_camera_active_profile_index,player_camera_list_0_ptr,player_camera_list_0_vtable,player_camera_list_1_ptr,player_camera_list_1_vtable,player_camera_list_2_ptr,player_camera_list_2_vtable,player_camera_list_3_ptr,player_camera_list_3_vtable,player_camera_list_4_ptr,player_camera_list_4_vtable,player_camera_list_5_ptr,player_camera_list_5_vtable,wheel_0_contact_flag,wheel_0_contact_ptr,wheel_0_contact_surface_44_candidate,wheel_0_contact_surface_48_candidate,wheel_0_contact_surface_4c_candidate,wheel_0_contact_surface_50_candidate,wheel_0_contact_surface_54_candidate,wheel_0_suspension_length_candidate,wheel_0_tire_force_multiplier_candidate,wheel_0_load_or_spin_candidate,wheel_0_rotation_or_phase_candidate,wheel_0_vertical_load_candidate,wheel_1_contact_flag,wheel_1_contact_ptr,wheel_1_contact_surface_44_candidate,wheel_1_contact_surface_48_candidate,wheel_1_contact_surface_4c_candidate,wheel_1_contact_surface_50_candidate,wheel_1_contact_surface_54_candidate,wheel_1_suspension_length_candidate,wheel_1_tire_force_multiplier_candidate,wheel_1_load_or_spin_candidate,wheel_1_rotation_or_phase_candidate,wheel_1_vertical_load_candidate,wheel_2_contact_flag,wheel_2_contact_ptr,wheel_2_contact_surface_44_candidate,wheel_2_contact_surface_48_candidate,wheel_2_contact_surface_4c_candidate,wheel_2_contact_surface_50_candidate,wheel_2_contact_surface_54_candidate,wheel_2_suspension_length_candidate,wheel_2_tire_force_multiplier_candidate,wheel_2_load_or_spin_candidate,wheel_2_rotation_or_phase_candidate,wheel_2_vertical_load_candidate,wheel_3_contact_flag,wheel_3_contact_ptr,wheel_3_contact_surface_44_candidate,wheel_3_contact_surface_48_candidate,wheel_3_contact_surface_4c_candidate,wheel_3_contact_surface_50_candidate,wheel_3_contact_surface_54_candidate,wheel_3_suspension_length_candidate,wheel_3_tire_force_multiplier_candidate,wheel_3_load_or_spin_candidate,wheel_3_rotation_or_phase_candidate,wheel_3_vertical_load_candidate
2026-04-26T20:17:20.8963901Z,1,-2.8299998999999998,Race,true,false,68,Garage Test Track,9,CTR,0,0,0,-140.379105,1.25661993,190.707108,7.79475431E-06,-0.00869802292,-0.99996233,-1.00000012,-4.30763503E-05,-7.42035627E-06,-4.30101754E-05,0.999962151,-0.00869802292,-0.000151503555,-2.43956874E-05,-7.71963314E-05,-0.000158618626,-0.000200103052,-0.000126929677,0,1,0,0,0,10,0.0100000007,0.0001717782,0.000170037049,3.14158487,179.999542,0.00869813096,0.498366177,-4.30779801E-05,-0.0024681862,-0.000200103052,-0.00434905244,-2.15218333E-05,0.999990582,3.80381357E-06,-140.37912,2.72613907,194.759598,1.46632992E-05,-0.235190019,-0.971949458,1.74532926,1,goal_runtime,0x006742EC,0x006742EC,0x0067459C,0x07D6855C,0x00673FF8,0x2B7EECF0,0x2B7EECF0,0x07D68C7C,0x00673FF8,0x07D6A95C,0x00673FF8,0x2B7EECF0,0x2B7EECF0,1.63999879,0,5,1,0x07D6842C,0x00673FF8,0x07D6855C,0x00673FF8,0x07D686E0,0x00673FF8,0x07D687D8,0x00673FF8,0x07D688D0,0x00673FF8,,,1,0x2B7F099C,0,0.600000024,0,0,0,-0.0175261386,-0.00596821215,-1.23180871E-06,6.2829318,0.00821964815,1,0x2B7F099C,0,0.600000024,0,0,0,0.0174402054,-9.51507104E-08,-1.86553007E-06,0.000254824932,3.39966136E-05,1,0x2B7F099C,0,0.600000024,0,0,0,0.0174442902,-0.00526428316,5.5091572E-05,0,0.00772569841,1,0x2B7F099C,0,0.600000024,0,0,0,-0.0174592435,-0.0187535174,5.58174943E-05,0,0.0187681504
2026-04-26T20:17:20.9712494Z,2,-2.73,Race,true,false,68,Garage Test Track,9,CTR,0,0,0,-140.379105,1.25662112,190.707031,4.50582002E-06,-0.00869823899,-0.99996233,-1.00000012,-4.10003413E-05,-4.1493463E-06,-4.09626955E-05,0.999962151,-0.00869823899,-0.000503965595,3.3200773E-05,0.000152597859,-0.000174913992,-7.0738397E-06,-0.00040460279,0,1,0,0,0,20,0.0200000014,0.00052760751,0.000526561867,3.14158821,179.999741,0.00869834702,0.498378545,-4.10018947E-05,-0.00234923535,-7.0738397E-06,-0.00434916047,-2.0490952E-05,0.999990582,2.16381204E-06,-140.37912,2.72615242,194.759506,1.46633392E-05,-0.235193923,-0.971948445,1.74532926,1,goal_runtime,0x006742EC,0x006742EC,0x0067459C,0x07D6855C,0x00673FF8,0x2B7EECF0,0x2B7EECF0,0x07D68C7C,0x00673FF8,0x07D6A95C,0x00673FF8,0x2B7EECF0,0x2B7EECF0,1.72999871,0,5,1,0x07D6842C,0x00673FF8,0x07D6855C,0x00673FF8,0x07D686E0,0x00673FF8,0x07D687D8,0x00673FF8,0x07D688D0,0x00673FF8,,,1,0x2B7F099C,0,0.600000024,0,0,0,-0.0175240636,-0.007204236,-1.51818549E-05,6.28291988,0.00903102383,1,0x2B7F099C,0,0.600000024,0,0,0,0.0174422804,0.000145979968,-1.58883558E-05,0.000266562798,0.00128762645,1,0x2B7F099C,0,0.600000024,0,0,0,0.0174446963,-0.0163285658,-8.69903088E-05,0,0.0163506344,1,0x2B7F099C,0,0.600000024,0,0,0,-0.0174588375,-0.00570800249,-8.62089E-05,0,0.0080525456
2026-04-26T20:17:21.0703875Z,3,-2.6300001000000002,Race,true,false,68,Garage Test Track,9,CTR,0,0,0,-140.379105,1.25662529,190.70694,5.05975322E-06,-0.008690455,-0.99996233,-1.00000012,-4.63644756E-05,-4.65700077E-06,-4.63222532E-05,0.999962211,-0.008690455,0.000190953986,3.91571448E-05,-0.00143214059,0.000101662838,-0.000194126085,0.000134013433,0,1,0,0,0,20,0.0200000014,0.00144534546,0.00144481496,3.1415875,179.999695,0.00869056396,0.497932613,-4.63662291E-05,-0.00265658903,-0.000194126085,-0.00434526848,-2.31719005E-05,0.999990582,2.42921146E-06,-140.37912,2.72616601,194.759415,1.09974981E-05,-0.235196367,-0.971947908,1.74532926,1,goal_runtime,0x006742EC,0x006742EC,0x0067459C,0x07D6855C,0x00673FF8,0x2B7EECF0,0x2B7EECF0,0x07D68C7C,0x00673FF8,0x07D6A95C,0x00673FF8,0x2B7EECF0,0x2B7EECF0,1.82999861,0,5,1,0x07D6842C,0x00673FF8,0x07D6855C,0x00673FF8,0x07D686E0,0x00673FF8,0x07D687D8,0x00673FF8,0x07D688D0,0x00673FF8,,,1,0x2B7F099C,0,0.600000024,0,0,0,-0.0175293069,-2.49978802E-06,0.000128594183,6.28290606,0.000841946632,1,0x2B7F099C,0,0.600000024,0,0,0,0.0174369179,-1.38309451E-06,0.000128033556,0.000280035834,0.000835065264,1,0x2B7F099C,0,0.600000024,0,0,0,0.0174437445,-1.70142386E-07,-7.50157924E-05,0,0.00058707362,1,0x2B7F099C,0,0.600000024,0,0,0,-0.0174597912,-1.485555E-06,-7.43990968E-05,0,0.000581348373
2026-04-26T20:17:21.1713315Z,4,-2.5299999,Race,true,false,68,Garage Test Track,9,CTR,0,0,0,-140.379105,1.25662839,190.706818,1.69761017E-06,-0.00868846849,-0.99996233,-1.00000012,-4.42244127E-05,-1.31341733E-06,-4.42113305E-05,0.99996227,-0.00868846849,-7.9773954E-06,2.25496515E-05,-0.00213066302,0.000192675026,0.000374294817,-2.40377285E-05,0,1,0,0,0,20,0.0200000014,0.00213079737,0.00213067792,3.14159107,179.999893,0.00868857745,0.497818798,-4.42260825E-05,-0.00253396784,0.000374294817,-0.00434427522,-2.21091432E-05,0.999990582,7.52763981E-07,-140.37912,2.72617579,194.759293,1.46633247E-05,-0.235198036,-0.971947491,1.74532926,1,goal_runtime,0x006742EC,0x006742EC,0x0067459C,0x07D6855C,0x00673FF8,0x2B7EECF0,0x2B7EECF0,0x07D68C7C,0x00673FF8,0x07D6A95C,0x00673FF8,0x2B7EECF0,0x2B7EECF0,1.92999852,0,5,1,0x07D6842C,0x00673FF8,0x07D6855C,0x00673FF8,0x07D686E0,0x00673FF8,0x07D687D8,0x00673FF8,0x07D688D0,0x00673FF8,,,1,0x2B7F099C,0,0.600000024,0,0,0,-0.0175271686,-0.000989416498,-1.5276557E-05,6.28289318,0.00334747136,1,0x2B7F099C,0,0.600000024,0,0,0,0.0174390599,-0.00108600326,-1.58250859E-05,0.000293315941,0.00350704929,1,0x2B7F099C,0,0.600000024,0,0,0,0.0174440984,-0.00113941263,7.29826843E-06,0,0.00359166553,1,0x2B7F099C,0,0.600000024,0,0,0,-0.0174594391,-0.000938873738,7.88804027E-06,0,0.00326042855
2026-04-26T20:17:21.2703819Z,5,-2.4300000000000002,Race,true,false,68,Garage Test Track,9,CTR,0,0,0,-140.37912,1.25662923,190.706711,1.3074141E-06,-0.00868991297,-0.99996233,-1.00000012,-3.99994788E-05,-9.59858426E-07,-3.99896271E-05,0.99996227,-0.00868991297,-0.00029919896,1.59083868E-06,-0.00184719753,0.000123233913,5.76957318E-05,-0.000212550978,0,1,0,0,0,20,0.0200000014,0.00187127257,0.00187127199,3.14159131,179.999908,0.00869002193,0.497901559,-4.00009885E-05,-0.00229188777,5.76957318E-05,-0.00434499746,-1.99974656E-05,0.999990582,5.66823473E-07,-140.379135,2.72618103,194.759186,1.46633192E-05,-0.235199153,-0.971947134,1.74532926,1,goal_runtime,0x006742EC,0x006742EC,0x0067459C,0x07D6855C,0x00673FF8,0x2B7EECF0,0x2B7EECF0,0x07D68C7C,0x00673FF8,0x07D6A95C,0x00673FF8,0x2B7EECF0,0x2B7EECF0,2.02999854,0,5,1,0x07D6842C,0x00673FF8,0x07D6855C,0x00673FF8,0x07D686E0,0x00673FF8,0x07D687D8,0x00673FF8,0x07D688D0,0x00673FF8,,,1,0x2B7F099C,0,0.600000024,0,0,0,-0.0175229441,-0.00140029308,0.000254433893,6.28299379,0.00415909663,1,0x2B7F099C,0,0.600000024,0,0,0,0.0174432844,-0.00918247644,0.0002538751,0.000193197629,0.0102630341,1,0x2B7F099C,0,0.600000024,0,0,0,0.0174448658,-0.00336458208,-6.28081616E-05,0,0.00618132483,1,0x2B7F099C,0,0.600000024,0,0,0,-0.0174586698,-0.00421119155,-6.21298823E-05,0,0.00691300025
2026-04-26T20:17:21.3712904Z,6,-2.3299998999999998,Race,true,false,68,Garage Test Track,9,CTR,0,0,0,-140.37912,1.25662923,190.706619,3.97321173E-06,-0.00869587995,-0.99996233,-1.00000012,-4.03148842E-05,-3.62277524E-06,-4.02818587E-05,0.999962211,-0.00869587995,-0.000525927171,-5.59905686E-07,-0.000549502438,-9.73342394E-05,-1.34567003E-07,-0.000402652571,0,1,0,0,0,20,0.0200000014,0.000760626514,0.000760626281,3.14158869,179.999756,0.00869598798,0.498243392,-4.03164086E-05,-0.00230995985,-1.34567003E-07,-0.00434798095,-2.01493749E-05,0.999990582,1.89901459E-06,-140.379135,2.72618365,194.759094,1.46633174E-05,-0.235199779,-0.971947014,1.74532926,1,goal_runtime,0x006742EC,0x006742EC,0x0067459C,0x07D6855C,0x00673FF8,0x2B7EECF0,0x2B7EECF0,0x07D68C7C,0x00673FF8,0x07D6A95C,0x00673FF8,0x2B7EECF0,0x2B7EECF0,2.12999845,0,5,1,0x07D6842C,0x00673FF8,0x07D6855C,0x00673FF8,0x07D686E0,0x00673FF8,0x07D687D8,0x00673FF8,0x07D688D0,0x00673FF8,,,1,0x2B7F099C,0,0.600000024,0,0,0,-0.0175232589,-0.00526102446,-1.61047501E-05,6.28289557,0.0077176448,1,0x2B7F099C,0,0.600000024,0,0,0,0.0174429659,-0.00261201966,-1.65685487E-05,0.000291234843,0.00543825701,1,0x2B7F099C,0,0.600000024,0,0,0,0.0174446665,-0.0178252216,-0.000131451015,0,0.0178637356,1,0x2B7F099C,0,0.600000024,0,0,0,-0.0174587481,-0.00428697467,-0.000130846805,0,0.00700384006
2026-04-26T20:17:21.4703932Z,7,-2.23,Race,true,false,68,Garage Test Track,9,CTR,0,0,0,-140.37912,1.25662911,190.706543,4.55162126E-06,-0.00869694911,-0.99996233,-1.00000012,-4.21839322E-05,-4.18490845E-06,-4.21459445E-05,0.999962151,-0.00869694911,-0.000565768452,-6.09293511E-06,0.000187859099,-0.000210694998,0.000106325271,-0.000437707233,0,1,0,0,0,20,0.0200000014,0.000596172875,0.000596141734,3.14158821,179.999741,0.00869705714,0.498304635,-4.21855293E-05,-0.00241705263,0.000106325271,-0.00434851553,-2.10826674E-05,0.999990582,2.18415289E-06,-140.379135,2.72618532,194.759018,1.46633156E-05,-0.235200271,-0.971946895,1.74532926,1,goal_runtime,0x006742EC,0x006742EC,0x0067459C,0x07D6855C,0x00673FF8,0x2B7EECF0,0x2B7EECF0,0x07D68C7C,0x00673FF8,0x07D6A95C,0x00673FF8,0x2B7EECF0,0x2B7EECF0,2.22999835,0,5,1,0x07D6842C,0x00673FF8,0x07D6855C,0x00673FF8,0x07D686E0,0x00673FF8,0x07D687D8,0x00673FF8,0x07D688D0,0x00673FF8,,,1,0x2B7F099C,0,0.600000024,0,0,0,-0.0175251272,-0.00756359613,-0.00016597932,6.28289557,0.00928496663,1,0x2B7F099C,0,0.600000024,0,0,0,0.0174410976,-0.00664131483,-0.000166442755,0.000291249424,0.0087050274,1,0x2B7F099C,0,0.600000024,0,0,0,0.0174444672,-0.00680937292,-0.000124768558,0,0.0088070035,1,0x2B7F099C,0,0.600000024,0,0,0,-0.0174590666,-0.0171872396,-0.00012418229,0,0.0172231179
2026-04-26T20:17:21.5708783Z,8,-2.1300001000000002,Race,true,false,68,Garage Test Track,9,CTR,0,0,0,-140.37912,1.25662827,190.706436,5.69976692E-06,-0.00869075581,-0.99996233,-1.00000012,-4.91476494E-05,-5.27283555E-06,-4.90999701E-05,0.999962211,-0.00869075581,0.000240444177,-6.56650127E-06,-0.00147454021,9.50773319E-05,-0.000265199778,0.000157847258,0,1,0,0,0,20,0.0200000014,0.00149403,0.00149401557,3.14158702,179.999664,0.00869086478,0.497949839,-4.91495084E-05,-0.00281605916,-0.000265199778,-0.00434541889,-2.45621359E-05,0.999990582,2.74317654E-06,-140.379135,2.72618532,194.758911,1.09974862E-05,-0.235200495,-0.971946895,1.74532926,1,goal_runtime,0x006742EC,0x006742EC,0x0067459C,0x07D6855C,0x00673FF8,0x2B7EECF0,0x2B7EECF0,0x07D68C7C,0x00673FF8,0x07D6A95C,0x00673FF8,0x2B7EECF0,0x2B7EECF0,2.32999825,0,5,1,0x07D6842C,0x00673FF8,0x07D6855C,0x00673FF8,0x07D686E0,0x00673FF8,0x07D687D8,0x00673FF8,0x07D688D0,0x00673FF8,,,1,0x2B7F099C,0,0.600000024,0,0,0,-0.0175320897,-1.69333407E-06,8.88141803E-05,6.28288317,0.000581953675,1,0x2B7F099C,0,0.600000024,0,0,0,0.0174341351,-2.24676299E-07,8.85543996E-05,0.000303690002,0.000577433966,1,0x2B7F099C,0,0.600000024,0,0,0,0.0174432248,-1.98204384E-06,-0.000123137521,0,0.000963948783,1,0x2B7F099C,0,0.600000024,0,0,0,-0.017460309,-2.56613453E-06,-0.00012274558,0,0.00095842313
2026-04-26T20:17:21.6712219Z,9,-2.0299999,Race,true,false,68,Garage Test Track,9,CTR,0,0,0,-140.37912,1.25662792,190.706314,6.69428073E-06,-0.00868969131,-0.99996233,-1.00000012,-4.4255441E-05,-6.30995282E-06,-4.41989359E-05,0.99996227,-0.00868969131,-0.000315770361,-4.58886143E-06,-0.00211542565,0.00019050487,-8.59138454E-05,-0.000268941571,0,1,0,0,0,20,0.0200000014,0.00213886844,0.00213886355,3.14158607,179.999619,0.00868980028,0.497888863,-4.42571109E-05,-0.0025357455,-8.59138454E-05,-0.00434488663,-2.21138016E-05,0.999990582,3.25108908E-06,-140.379135,2.72618532,194.758789,1.46633156E-05,-0.235200584,-0.971946895,1.74532926,1,goal_runtime,0x006742EC,0x006742EC,0x0067459C,0x07D6855C,0x00673FF8,0x2B7EECF0,0x2B7EECF0,0x07D68C7C,0x00673FF8,0x07D6A95C,0x00673FF8,0x2B7EECF0,0x2B7EECF0,2.42999816,0,5,1,0x07D6842C,0x00673FF8,0x07D6855C,0x00673FF8,0x07D686E0,0x00673FF8,0x07D687D8,0x00673FF8,0x07D688D0,0x00673FF8,,,1,0x2B7F099C,0,0.600000024,0,0,0,-0.0175272003,-0.000917549536,-9.44013154E-05,6.282866,0.00325242756,1,0x2B7F099C,0,0.600000024,0,0,0,0.0174390282,-0.00112732872,-9.46546279E-05,0.000321462634,0.00359927583,1,0x2B7F099C,0,0.600000024,0,0,0,0.0174440667,-0.00113421585,-3.36922858E-05,0,0.0035880967,1,0x2B7F099C,0,0.600000024,0,0,0,-0.0174594708,-0.000885416579,-3.33457137E-05,0,0.00317128841
2026-04-26T20:17:21.7703610Z,10,-1.9299999000000001,Race,true,false,68,Garage Test Track,9,CTR,0,0,0,-140.37912,1.2566278,190.706192,2.84320004E-06,-0.00868737884,-0.99996233,-1.00000012,-4.95017593E-05,-2.41325051E-06,-4.94789274E-05,0.99996227,-0.00868737884,0.000321063912,-2.2233869E-06,-0.0015327906,1.13875797E-06,0.000558511994,0.000226892938,0,1,0,0,0,20,0.0200000014,0.00156605674,0.00156605523,3.14158988,179.999832,0.0086874878,0.497756362,-4.95036256E-05,-0.00283634872,0.000558511994,-0.0043437304,-2.47454045E-05,0.999990582,1.31412503E-06,-140.379135,2.72618532,194.758667,1.09974862E-05,-0.235200599,-0.971946836,1.74532926,1,goal_runtime,0x006742EC,0x006742EC,0x0067459C,0x07D6855C,0x00673FF8,0x2B7EECF0,0x2B7EECF0,0x07D68C7C,0x00673FF8,0x07D6A95C,0x00673FF8,0x2B7EECF0,0x2B7EECF0,2.52999806,0,5,1,0x07D6842C,0x00673FF8,0x07D6855C,0x00673FF8,0x07D686E0,0x00673FF8,0x07D687D8,0x00673FF8,0x07D688D0,0x00673FF8,,,1,0x2B7F099C,0,0.600000024,0,0,0,-0.0175324455,-0.0072321496,-0.000234484905,6.28283691,0.00911309291,1,0x2B7F099C,0,0.600000024,0,0,0,0.017433783,-0.00914644916,-0.000234769061,0.000350231916,0.010233731,1,0x2B7F099C,0,0.600000024,0,0,0,0.0174431112,-0.00940746814,7.21386168E-05,0,0.0103274034,1,0x2B7F099C,0,0.600000024,0,0,0,-0.0174604245,-0.00683667138,7.24507117E-05,0,0.0088065248
2026-04-26T20:17:21.8713739Z,11,-1.8300000000000001,Race,true,false,68,Garage Test Track,9,CTR,0,0,0,-140.37912,1.25662756,190.7061,2.21726236E-06,-0.00869440846,-0.99996233,-1.00000012,-4.24292048E-05,-1.84843543E-06,-4.24115315E-05,0.999962211,-0.00869440846,-0.000232428429,1.14204363E-06,0.000226891207,-0.000329067931,2.06739096E-05,-0.00016691623,0,1,0,0,0,20,0.0200000014,0.000324813649,0.000324811641,3.14159036,179.999863,0.00869451649,0.498159081,-4.24308091E-05,-0.00243110606,2.06739096E-05,-0.00434724521,-2.12103841E-05,0.999990582,1.016434E-06,-140.379135,2.72618461,194.758575,1.46633156E-05,-0.235200465,-0.971946895,1.74532926,1,goal_runtime,0x006742EC,0x006742EC,0x0067459C,0x07D6855C,0x00673FF8,0x2B7EECF0,0x2B7EECF0,0x07D68C7C,0x00673FF8,0x07D6A95C,0x00673FF8,0x2B7EECF0,0x2B7EECF0,2.62999797,0,5,1,0x07D6842C,0x00673FF8,0x07D6855C,0x00673FF8,0x07D686E0,0x00673FF8,0x07D687D8,0x00673FF8,0x07D688D0,0x00673FF8,,,1,0x2B7F099C,0,0.600000024,0,0,0,-0.017525373,-0.0124086486,0.000153001965,6.28282261,0.0124543598,1,0x2B7F099C,0,0.600000024,0,0,0,0.0174408518,-0.0111879185,0.000152585955,0.000365019048,0.011276043,1,0x2B7F099C,0,0.600000024,0,0,0,0.0174443405,-0.011632625,-0.000114059192,0,0.011671857,1,0x2B7F099C,0,0.600000024,0,0,0,-0.0174590759,-0.0120033706,-0.000113554575,0,0.012041484
2026-04-26T20:17:21.9708331Z,12,-1.73,Race,true,false,68,Garage Test Track,9,CTR,0,0,0,-140.37912,1.25662756,190.706009,3.83922816E-06,-0.0086979568,-0.99996233,-1.00000012,-4.73872024E-05,-3.4271859E-06,-4.73556029E-05,0.999962151,-0.0086979568,0.000426472601,-4.25905864E-06,-0.00080732588,-4.80831513E-05,2.80356235E-05,0.000348125526,0,1,0,0,0,20,0.0200000014,0.000913056429,0.000913046533,3.14158893,179.999771,0.00869806483,0.498362392,-4.73889959E-05,-0.00271518924,2.80356235E-05,-0.00434901938,-2.3685925E-05,0.999990582,1.81662051E-06,-140.379135,2.72618437,194.758484,1.09974862E-05,-0.23520042,-0.971946895,1.74532926,1,goal_runtime,0x006742EC,0x006742EC,0x0067459C,0x07D6855C,0x00673FF8,0x2B7EECF0,0x2B7EECF0,0x07D68C7C,0x00673FF8,0x07D6A95C,0x00673FF8,0x2B7EECF0,0x2B7EECF0,2.72999787,0,5,1,0x07D6842C,0x00673FF8,0x07D6855C,0x00673FF8,0x07D686E0,0x00673FF8,0x07D687D8,0x00673FF8,0x07D688D0,0x00673FF8,,,1,0x2B7F099C,0,0.600000024,0,0,0,-0.0175303295,0.000151350076,0.000193951768,6.28281879,0.00164238061,1,0x2B7F099C,0,0.600000024,0,0,0,0.0174358953,0.000163129094,0.000193494241,0.000368571433,0.00167519576,1,0x2B7F099C,0,0.600000024,0,0,0,0.0174435563,0.000131742199,8.63160967E-05,0,0.00131740747,1,0x2B7F099C,0,0.600000024,0,0,0,-0.0174599774,0.000114943905,8.68574571E-05,0,0.00124608027
2026-04-26T20:17:22.0708549Z,13,-1.6299999000000001,Race,true,false,68,Garage Test Track,9,CTR,0,0,0,-140.379105,1.2566272,190.705887,6.10539973E-06,-0.00869590603,-0.99996233,-1.00000012,-4.06996623E-05,-5.75169724E-06,-4.06481049E-05,0.999962211,-0.00869590603,-0.000100535995,-8.77493039E-06,-0.00167429645,0.000147429077,0.000136312243,-2.9092449E-05,0,1,0,0,0,20,0.0200000014,0.00167733512,0.00167731219,3.14158654,179.999634,0.00869601406,0.498244882,-4.07012012E-05,-0.00233200681,0.000136312243,-0.00434799399,-2.03371328E-05,0.999990582,2.96430221E-06,-140.37912,2.72618365,194.758362,1.46633156E-05,-0.235200331,-0.971946895,1.74532926,1,goal_runtime,0x006742EC,0x006742EC,0x0067459C,0x07D6855C,0x00673FF8,0x2B7EECF0,0x2B7EECF0,0x07D68C7C,0x00673FF8,0x07D6A95C,0x00673FF8,0x2B7EECF0,0x2B7EECF0,2.82999778,0,5,1,0x07D6842C,0x00673FF8,0x07D6855C,0x00673FF8,0x07D686E0,0x00673FF8,0x07D687D8,0x00673FF8,0x07D688D0,0x00673FF8,,,1,0x2B7F099C,0,0.600000024,0,0,0,-0.0175236426,-0.000199681468,7.68239261E-05,6.28279924,0.00154606835,1,0x2B7F099C,0,0.600000024,0,0,0,0.0174425822,-0.000138013944,7.63691496E-05,0.000388393324,0.00130048802,1,0x2B7F099C,0,0.600000024,0,0,0,0.0174447596,-0.000303418783,0.000297497376,0,0.00265730615,1,0x2B7F099C,0,0.600000024,0,0,0,-0.017458776,-0.000327651622,0.000298032013,0,0.00270545273
2026-04-26T20:17:22.1703294Z,14,-1.5299999,Race,true,false,68,Garage Test Track,9,CTR,0,0,0,-140.379105,1.25662708,190.705765,4.50933931E-06,-0.00868860167,-0.99996233,-1.00000012,-4.67804421E-05,-4.10303801E-06,-4.67430291E-05,0.99996227,-0.00868860167,0.000102735219,2.98154305E-06,-0.00218093372,0.000185707875,0.000345889042,8.07723773E-05,0,1,0,0,0,20,0.0200000014,0.00218335399,0.00218335213,3.14158821,179.999741,0.00868871063,0.497826427,-4.67822065E-05,-0.00268042274,0.000345889042,-0.00434434181,-2.33810879E-05,0.999990582,2.15311456E-06,-140.37912,2.72618318,194.75824,1.09974862E-05,-0.235200241,-0.971946895,1.74532926,1,goal_runtime,0x006742EC,0x006742EC,0x0067459C,0x07D6855C,0x00673FF8,0x2B7EECF0,0x2B7EECF0,0x07D68C7C,0x00673FF8,0x07D6A95C,0x00673FF8,0x2B7EECF0,0x2B7EECF0,2.92999768,0,5,1,0x07D6842C,0x00673FF8,0x07D6855C,0x00673FF8,0x07D686E0,0x00673FF8,0x07D687D8,0x00673FF8,0x07D688D0,0x00673FF8,,,1,0x2B7F099C,0,0.600000024,0,0,0,-0.0175297242,-0.00349425734,-0.000223762065,6.28281403,0.00637461524,1,0x2B7F099C,0,0.600000024,0,0,0,0.0174365044,-0.00503049931,-0.000224192045,0.00037380791,0.00761796255,1,0x2B7F099C,0,0.600000024,0,0,0,0.0174435694,-0.00448915595,3.96146934E-05,0,0.00713205524,1,0x2B7F099C,0,0.600000024,0,0,0,-0.0174598489,-0.00379983941,4.01271973E-05,0,0.00656234007
2026-04-26T20:17:22.2703554Z,15,-1.4299999000000001,Race,true,false,68,Garage Test Track,9,CTR,0,0,0,-140.379105,1.25662708,190.705673,-2.84634552E-07,-0.00869022962,-0.99996233,-1.00000012,-4.8545131E-05,7.0652959E-07,-4.85494384E-05,0.999962211,-0.00869022962,3.41086052E-05,4.94389769E-06,-0.000746108475,-0.000130206288,0.000171021398,-1.47477695E-05,0,1,0,0,0,20,0.0200000014,0.000746904057,0.000746887701,-3.14159226,-179.999969,0.00869033858,0.497919708,-4.85469645E-05,-0.00278153596,0.000171021398,-0.00434515579,-2.42738715E-05,0.999990582,-2.47793366E-07,-140.37912,2.72618294,194.758148,1.09974862E-05,-0.235200152,-0.971946895,1.74532926,1,goal_runtime,0x006742EC,0x006742EC,0x0067459C,0x07D6855C,0x00673FF8,0x2B7EECF0,0x2B7EECF0,0x07D68C7C,0x00673FF8,0x07D6A95C,0x00673FF8,0x2B7EECF0,0x2B7EECF0,3.02999759,0,5,1,0x07D6842C,0x00673FF8,0x07D6855C,0x00673FF8,0x07D686E0,0x00673FF8,0x07D687D8,0x00673FF8,0x07D688D0,0x00673FF8,,,1,0x2B7F099C,0,0.600000024,0,0,0,-0.0175314862,-0.0116790645,-2.33025494E-05,6.28279114,0.0116852177,1,0x2B7F099C,0,0.600000024,0,0,0,0.0174347386,-0.00915252976,-2.3702145E-05,0.000397566328,0.0101795234,1,0x2B7F099C,0,0.600000024,0,0,0,0.0174433533,-0.0108664716,-0.000392345159,0,0.0113056367,1,0x2B7F099C,0,0.600000024,0,0,0,-0.0174601842,-0.0109759467,-0.000391836656,0,0.0113996025
2026-04-26T20:17:22.3708705Z,16,-1.3300000000000001,Race,true,false,68,Garage Test Track,9,CTR,0,0,0,-140.379105,1.25662756,190.705597,2.78155903E-06,-0.00869476236,-0.99996233,-1.00000012,-4.16443181E-05,-2.41956286E-06,-4.16217044E-05,0.999962211,-0.00869476236,-0.000173901135,5.60280159E-06,-0.000117048527,-0.000213429899,0.000769645616,-7.65258374E-05,0,1,0,0,0,20,0.0200000014,0.00020969825,0.00020962338,3.14158988,179.999832,0.0086948704,0.498179346,-4.16458934E-05,-0.00238613389,0.000769645616,-0.00434742216,-2.08167021E-05,0.999990582,1.30029275E-06,-140.37912,2.72618294,194.758072,1.46633174E-05,-0.235200047,-0.971947014,1.74532926,1,goal_runtime,0x006742EC,0x006742EC,0x0067459C,0x07D6855C,0x00673FF8,0x2B7EECF0,0x2B7EECF0,0x07D68C7C,0x00673FF8,0x07D6A95C,0x00673FF8,0x2B7EECF0,0x2B7EECF0,3.12999749,0,5,1,0x07D6842C,0x00673FF8,0x07D6855C,0x00673FF8,0x07D686E0,0x00673FF8,0x07D687D8,0x00673FF8,0x07D688D0,0x00673FF8,,,1,0x2B7F099C,0,0.600000024,0,0,0,-0.017524587,0.000120716744,-0.000107107655,6.28276873,0.00127749785,1,0x2B7F099C,0,0.600000024,0,0,0,0.0174416378,-0.0105519528,-0.000107406959,0.000419324788,0.0109407622,1,0x2B7F099C,0,0.600000024,0,0,0,0.0174445305,-0.0117724473,0.000402316422,0,0.012190246,1,0x2B7F099C,0,0.600000024,0,0,0,-0.0174590051,-0.0101525439,0.000402894046,0,0.0109549817
2026-04-26T20:17:22.4713200Z,17,-1.23,Race,true,false,68,Garage Test Track,9,CTR,0,0,0,-140.379105,1.25662851,190.705521,1.03356651E-05,-0.00870016124,-0.99996233,-1.00000012,-4.43013632E-05,-9.95061237E-06,-4.42131131E-05,0.999962151,-0.00870016124,-0.000115640636,6.53220968E-06,9.93791036E-05,-0.000165800622,6.75987394E-05,-0.00011709956,0,1,0,0,0,20,0.0200000014,0.000152615961,0.000152476103,3.14158225,179.99939,0.00870026927,0.498488694,-4.43030403E-05,-0.00253837719,6.75987394E-05,-0.0043501216,-2.21288283E-05,0.999990582,5.07161712E-06,-140.37912,2.72618341,194.757996,1.46633174E-05,-0.235199928,-0.971947014,1.74532926,1,goal_runtime,0x006742EC,0x006742EC,0x0067459C,0x07D6855C,0x00673FF8,0x2B7EECF0,0x2B7EECF0,0x07D68C7C,0x00673FF8,0x07D6A95C,0x00673FF8,0x2B7EECF0,0x2B7EECF0,3.2299974,0,5,1,0x07D6842C,0x00673FF8,0x07D6855C,0x00673FF8,0x07D686E0,0x00673FF8,0x07D687D8,0x00673FF8,0x07D688D0,0x00673FF8,,,1,0x2B7F099C,0,0.600000024,0,0,0,-0.0175272431,-0.00454153726,-0.000339203922,6.28279209,0.00734267151,1,0x2B7F099C,0,0.600000024,0,0,0,0.0174389817,-4.58157556E-05,-0.000339395978,0.000396117044,0.00223211781,1,0x2B7F099C,0,0.600000024,0,0,0,0.0174440201,-0.00647216197,0.00021908115,0,0.00864544883,1,0x2B7F099C,0,0.600000024,0,0,0,-0.0174595155,-0.0184774231,0.000219616384,0,0.0185663588
2026-04-26T20:17:22.5707897Z,18,-1.1299999000000001,Race,true,false,68,Garage Test Track,9,CTR,0,0,0,-140.379105,1.25662863,190.705444,3.78173604E-06,-0.00869449507,-0.99996233,-1.00000012,-4.48995088E-05,-3.39148551E-06,-4.4868324E-05,0.999962211,-0.00869449507,0.00012473666,6.87505178E-07,-0.000707218365,-2.00630348E-05,0.000486508536,0.000118913871,0,1,0,0,0,20,0.0200000014,0.000718134746,0.000718134397,3.14158893,179.999771,0.00869460311,0.498164028,-4.49012041E-05,-0.00257264939,0.000486508536,-0.00434728852,-2.24421692E-05,0.999990582,1.79332233E-06,-140.37912,2.72618341,194.757919,1.09974881E-05,-0.235199898,-0.971947014,1.74532926,1,goal_runtime,0x006742EC,0x006742EC,0x0067459C,0x07D6855C,0x00673FF8,0x2B7EECF0,0x2B7EECF0,0x07D68C7C,0x00673FF8,0x07D6A95C,0x00673FF8,0x2B7EECF0,0x2B7EECF0,3.3299973,0,5,1,0x07D6842C,0x00673FF8,0x07D6855C,0x00673FF8,0x07D686E0,0x00673FF8,0x07D687D8,0x00673FF8,0x07D688D0,0x00673FF8,,,1,0x2B7F099C,0,0.600000024,0,0,0,-0.0175278429,-2.86442878E-06,-0.000138233008,6.282794,0.000901990861,1,0x2B7F099C,0,0.600000024,0,0,0,0.0174383819,-2.10338076E-05,-0.000138483403,0.000394588569,0.000940593076,1,0x2B7F099C,0,0.600000024,0,0,0,0.0174440164,-0.0116894618,0.000191647894,0,0.0117901899,1,0x2B7F099C,0,0.600000024,0,0,0,-0.0174595192,-5.12820634E-06,0.000192099149,0,0.00150398759
2026-04-26T20:17:22.6706514Z,19,-1.0299999,Race,true,false,68,Garage Test Track,9,CTR,0,0,0,-140.379089,1.25662875,190.705353,8.94447294E-06,-0.00869380403,-0.99996233,-1.00000012,-4.23999045E-05,-8.57618033E-06,-4.23237398E-05,0.999962211,-0.00869380403,-0.000201236064,3.05586383E-07,-0.00143052137,0.000151365719,-0.000592087745,-0.000182890493,0,1,0,0,0,20,0.0200000014,0.00144460634,0.00144460634,3.14158368,179.999481,0.00869391207,0.49812445,-4.24015052E-05,-0.00242942711,-0.000592087745,-0.00434694299,-2.11811112E-05,0.999990582,4.3802047E-06,-140.379105,2.72618318,194.757828,1.46633174E-05,-0.235199809,-0.971947014,1.74532926,1,goal_runtime,0x006742EC,0x006742EC,0x0067459C,0x07D6855C,0x00673FF8,0x2B7EECF0,0x2B7EECF0,0x07D68C7C,0x00673FF8,0x07D6A95C,0x00673FF8,0x2B7EECF0,0x2B7EECF0,3.42999721,0,5,1,0x07D6842C,0x00673FF8,0x07D6855C,0x00673FF8,0x07D686E0,0x00673FF8,0x07D687D8,0x00673FF8,0x07D688D0,0x00673FF8,,,1,0x2B7F099C,0,0.600000024,0,0,0,-0.0175253432,-0.00596806873,5.65287337E-05,6.28286409,0.00822371524,1,0x2B7F099C,0,0.600000024,0,0,0,0.0174408816,-0.000379026489,5.62637724E-05,0.000324187218,0.00208771206,1,0x2B7F099C,0,0.600000024,0,0,0,0.0174443703,-0.00026200281,-0.000152990891,0,0.00194111839,1,0x2B7F099C,0,0.600000024,0,0,0,-0.0174591653,-0.000158188908,-0.000152633846,0,0.00162342552
2026-04-26T20:17:22.7708175Z,20,-0.93000000000000005,Race,true,false,68,Garage Test Track,9,CTR,0,0,0,-140.379089,1.25662863,190.705246,8.14650957E-06,-0.00868613459,-0.99996233,-1,-4.66022429E-05,-7.74200817E-06,-4.65332378E-05,0.99996227,-0.00868613459,0.000247221178,-6.50524316E-06,-0.00216220575,0.000232158156,-0.000351532741,0.000185819954,0,1,0,0,0,20,0.0200000014,0.00217630295,0.00217629317,3.1415844,179.999512,0.00868624356,0.497685075,-4.66040001E-05,-0.00267021242,-0.000351532741,-0.00434310827,-2.32840903E-05,0.999990582,3.97216672E-06,-140.379105,2.72618294,194.757721,1.09975272E-05,-0.235200614,-0.971946776,1.74532926,1,goal_runtime,0x006742EC,0x006742EC,0x0067459C,0x07D6855C,0x00673FF8,0x2B7EECF0,0x2B7EECF0,0x07D68C7C,0x00673FF8,0x07D6A95C,0x00673FF8,0x2B7EECF0,0x2B7EECF0,3.52999711,0,5,1,0x07D6842C,0x00673FF8,0x07D6855C,0x00673FF8,0x07D686E0,0x00673FF8,0x07D687D8,0x00673FF8,0x07D688D0,0x00673FF8,,,1,0x2B7F099C,0,0.600000024,0,0,0,-0.0175295472,-0.00411797315,6.97294672E-06,6.28297329,0.00682769995,1,0x2B7F099C,0,0.600000024,0,0,0,0.0174366813,-0.00344130839,6.52392555E-06,0.000215244771,0.00624160795,1,0x2B7F099C,0,0.600000024,0,0,0,0.0174437463,-0.00393103575,-5.17092412E-05,0,0.00667701522,1,0x2B7F099C,0,0.600000024,0,0,0,-0.0174597912,-0.00367294718,-5.10325772E-05,0,0.00645428896
2026-04-26T20:17:22.8707555Z,21,-0.82999990000000001,Race,true,false,68,Garage Test Track,9,CTR,0,0,0,-140.379089,1.25662827,190.705154,9.00142368E-06,-0.00868579932,-0.99996233,-1,-4.15277937E-05,-8.64104732E-06,-4.14511705E-05,0.99996227,-0.00868579932,-8.85271511E-05,-5.33567845E-06,-0.000694827526,-0.00015287695,-3.93235568E-05,-1.60756663E-05,0,1,0,0,0,20,0.0200000014,0.000700464763,0.000700444391,3.14158368,179.999481,0.00868590828,0.497665852,-4.15293616E-05,-0.002379457,-3.93235568E-05,-0.00434294064,-2.07449357E-05,0.999990582,4.41065913E-06,-140.379105,2.7261827,194.757629,1.46633693E-05,-0.235200644,-0.971946776,1.74532926,1,goal_runtime,0x006742EC,0x006742EC,0x0067459C,0x07D6855C,0x00673FF8,0x2B7EECF0,0x2B7EECF0,0x07D68C7C,0x00673FF8,0x07D6A95C,0x00673FF8,0x2B7EECF0,0x2B7EECF0,3.62999701,0,5,1,0x07D6842C,0x00673FF8,0x07D6855C,0x00673FF8,0x07D686E0,0x00673FF8,0x07D687D8,0x00673FF8,0x07D688D0,0x00673FF8,,,1,0x2B7F099C,0,0.600000024,0,0,0,-0.0175244734,-0.00946515612,5.52550628E-05,6.2829833,0.0103544788,1,0x2B7F099C,0,0.600000024,0,0,0,0.0174417552,-0.0118249618,5.47691307E-05,0.000204976808,0.0118357055,1,0x2B7F099C,0,0.600000024,0,0,0,0.0174445286,-0.0114608947,0.000384269923,0,0.0118525783,1,0x2B7F099C,0,0.600000024,0,0,0,-0.0174588896,-0.0105277468,0.000385025254,0,0.0111267483
2026-04-26T20:17:22.9708863Z,22,-0.72999999999999998,Race,true,false,68,Garage Test Track,9,CTR,0,0,0,-140.379089,1.25662768,190.705078,7.62611216E-06,-0.00869216491,-0.99996233,-1.00000012,-4.95190288E-05,-7.19595664E-06,-4.94546075E-05,0.999962211,-0.00869216491,0.000654929259,-4.44773576E-07,-0.00024192479,-0.000210316823,-0.000302413886,0.000490220147,0,1,0,0,0,20,0.0200000014,0.000698183489,0.000698183314,3.14158511,179.999557,0.00869227387,0.498030573,-4.95208988E-05,-0.00283733825,-0.000302413886,-0.00434612343,-2.47436419E-05,0.999990582,3.70555199E-06,-140.379105,2.72618198,194.757553,1.09974881E-05,-0.235199779,-0.971947014,1.74532926,1,goal_runtime,0x006742EC,0x006742EC,0x0067459C,0x07D6855C,0x00673FF8,0x2B7EECF0,0x2B7EECF0,0x07D68C7C,0x00673FF8,0x07D6A95C,0x00673FF8,0x2B7EECF0,0x2B7EECF0,3.72999692,0,5,1,0x07D6842C,0x00673FF8,0x07D6855C,0x00673FF8,0x07D686E0,0x00673FF8,0x07D687D8,0x00673FF8,0x07D688D0,0x00673FF8,,,1,0x2B7F099C,0,0.600000024,0,0,0,-0.0175324604,-0.0102771251,0.000138427044,6.28299093,0.0108052641,1,0x2B7F099C,0,0.600000024,0,0,0,0.0174337644,0.000136584247,0.000137864961,0.000196410285,0.00141493441,1,0x2B7F099C,0,0.600000024,0,0,0,0.0174432117,-0.0103438711,7.47034646E-05,0,0.010829024,1,0x2B7F099C,0,0.600000024,0,0,0,-0.017460322,-0.0109883994,7.55643123E-05,0,0.0111610722
2026-04-26T20:17:23.0713387Z,23,-0.62999989999999995,Race,true,false,68,Garage Test Track,9,CTR,0,0,0,-140.379089,1.25662768,190.705002,2.0897719E-06,-0.00869745016,-0.99996233,-1.00000012,-4.39563009E-05,-1.70752867E-06,-4.39397845E-05,0.999962151,-0.00869745016,-0.000294501486,2.55550231E-06,-0.000626436668,-4.20387551E-05,0.000150435721,-0.000267436524,0,1,0,0,0,20,0.0200000014,0.000692214235,0.00069220952,3.1415906,179.999878,0.00869755819,0.498333335,-4.39579635E-05,-0.00251860567,0.000150435721,-0.00434876606,-2.19742287E-05,0.999990582,9.49334037E-07,-140.379105,2.72618222,194.757477,1.46633174E-05,-0.235199839,-0.971947014,1.74532926,1,goal_runtime,0x006742EC,0x006742EC,0x0067459C,0x07D6855C,0x00673FF8,0x2B7EECF0,0x2B7EECF0,0x07D68C7C,0x00673FF8,0x07D6A95C,0x00673FF8,0x2B7EECF0,0x2B7EECF0,3.82999682,0,5,1,0x07D6842C,0x00673FF8,0x07D6855C,0x00673FF8,0x07D686E0,0x00673FF8,0x07D687D8,0x00673FF8,0x07D688D0,0x00673FF8,,,1,0x2B7F099C,0,0.600000024,0,0,0,-0.0175268985,-1.53397593E-07,-3.87534565E-05,6.28299046,0.00025274753,1,0x2B7F099C,0,0.600000024,0,0,0,0.0174393263,-0.00548285712,-3.94206909E-05,0.000197305868,0.00788040832,1,0x2B7F099C,0,0.600000024,0,0,0,0.0174442455,0.00034279906,-0.000194033986,0,0.00228072447,1,0x2B7F099C,0,0.600000024,0,0,0,-0.0174592882,-0.0051267948,-0.000193077925,0,0.00769311702
2026-04-26T20:17:23.1713212Z,24,-0.52999989999999997,Race,true,false,68,Garage Test Track,9,CTR,0,0,0,-140.379089,1.25662851,190.704926,3.05616868E-06,-0.00869775936,-0.99996233,-1.00000012,-4.14666647E-05,-2.6956036E-06,-4.144165E-05,0.999962151,-0.00869775936,-8.50316501E-05,6.79210916E-06,-0.000512655766,-2.03258605E-05,-0.000212626896,-5.69851254E-05,0,1,0,0,0,20,0.0200000014,0.00051970419,0.000519659778,3.14158964,179.999817,0.00869786739,0.498351067,-4.14682327E-05,-0.00237595453,-0.000212626896,-0.00434892066,-2.07272733E-05,0.999990582,1.4379566E-06,-140.379105,2.72618294,194.757401,1.46633174E-05,-0.235199779,-0.971947014,1.74532926,1,goal_runtime,0x006742EC,0x006742EC,0x0067459C,0x07D6855C,0x00673FF8,0x2B7EECF0,0x2B7EECF0,0x07D68C7C,0x00673FF8,0x07D6A95C,0x00673FF8,0x2B7EECF0,0x2B7EECF0,3.92999673,0,5,1,0x07D6842C,0x00673FF8,0x07D6855C,0x00673FF8,0x07D686E0,0x00673FF8,0x07D687D8,0x00673FF8,0x07D688D0,0x00673FF8,,,1,0x2B7F099C,0,0.600000024,0,0,0,-0.01752441,-7.9031277E-05,0.000236669701,6.28294897,0.00164139841,1,0x2B7F099C,0,0.600000024,0,0,0,0.0174418148,-0.00401070341,0.00023600104,0.000239072964,0.00682655536,1,0x2B7F099C,0,0.600000024,0,0,0,0.0174445882,-4.60742831E-06,-0.000174355126,0,0.00136511039,1,0x2B7F099C,0,0.600000024,0,0,0,-0.0174588263,-0.0167655852,-0.000173357097,0,0.0168283768
2026-04-26T20:17:23.2704113Z,25,-0.42999999999999999,Race,true,false,68,Garage Test Track,9,CTR,0,0,0,-140.379089,1.25662971,190.704926,1.15408384E-05,-0.00869873073,-0.99996233,-1.00000012,-4.33504792E-05,-1.11641675E-05,-4.32517227E-05,0.999962151,-0.00869873073,-4.46480681E-06,7.56783857E-06,-0.000370744703,2.68823114E-05,-0.000114598086,1.63154618E-05,0,1,0,0,0,20,0.0200000014,0.000370848808,0.000370771595,3.14158106,179.999329,0.00869883876,0.498406708,-4.335212E-05,-0.00248389342,-0.000114598086,-0.00434940634,-2.16507542E-05,0.999990582,5.67630514E-06,-140.379105,2.72618413,194.757401,1.46633174E-05,-0.235199779,-0.971947014,1.74532926,1,goal_runtime,0x006742EC,0x006742EC,0x0067459C,0x07D6855C,0x00673FF8,0x2B7EECF0,0x2B7EECF0,0x07D68C7C,0x00673FF8,0x07D6A95C,0x00673FF8,0x2B7EECF0,0x2B7EECF0,4.02999735,0,5,1,0x07D6842C,0x00673FF8,0x07D6855C,0x00673FF8,0x07D686E0,0x00673FF8,0x07D687D8,0x00673FF8,0x07D688D0,0x00673FF8,,,1,0x2B7F099C,0,0.600000024,0,0,0,-0.0175262932,0.000247822871,-0.000193719519,6.28289461,0.00192726962,1,0x2B7F099C,0,0.600000024,0,0,0,0.0174399316,-0.00081264053,-0.000194416818,0.000293718476,0.00316919223,1,0x2B7F099C,0,0.600000024,0,0,0,0.0174442548,-0.000111430571,0.000305611349,0,0.00244047493,1,0x2B7F099C,0,0.600000024,0,0,0,-0.0174592789,-0.0204401035,0.000306661183,0,0.0205909014
2026-04-26T20:17:23.3714020Z,26,-0.33000000000000002,Race,true,false,68,Garage Test Track,9,CTR,0,0,0,-140.379089,1.2566303,190.704895,4.91714854E-06,-0.00869347993,-0.99996233,-1.00000012,-4.6848505E-05,-4.51004234E-06,-4.68075268E-05,0.999962211,-0.00869347993,-2.25744134E-05,3.99205874E-06,-0.0013630566,0.000260787841,0.000588841445,-2.07936555E-05,0,1,0,0,0,20,0.0200000014,0.00136324938,0.00136324356,3.14158773,179.99971,0.00869358797,0.498105884,-4.68502767E-05,-0.00268432288,0.000588841445,-0.00434678094,-2.34142281E-05,0.999990582,2.35682E-06,-140.379105,2.72618461,194.75737,1.09974881E-05,-0.235199779,-0.971947014,1.74532926,1,goal_runtime,0x006742EC,0x006742EC,0x0067459C,0x07D6855C,0x00673FF8,0x2B7EECF0,0x2B7EECF0,0x07D68C7C,0x00673FF8,0x07D6A95C,0x00673FF8,0x2B7EECF0,0x2B7EECF0,4.12999964,0,5,1,0x07D6842C,0x00673FF8,0x07D6855C,0x00673FF8,0x07D686E0,0x00673FF8,0x07D687D8,0x00673FF8,0x07D688D0,0x00673FF8,,,1,0x2B7F099C,0,0.600000024,0,0,0,-0.0175297912,-0.00147681765,-0.000419419521,6.28287697,0.0045686313,1,0x2B7F099C,0,0.600000024,0,0,0,0.0174364336,-0.000319063809,-0.000420128781,0.000311787066,0.00300092506,1,0x2B7F099C,0,0.600000024,0,0,0,0.0174436178,-0.001457509,0.000116148032,0,0.00411279546,1,0x2B7F099C,0,0.600000024,0,0,0,-0.0174599178,-5.45409785E-06,0.000117213844,0,0.000919633661
2026-04-26T20:17:23.4703641Z,27,-0.23000000000000001,Race,true,false,68,Garage Test Track,9,CTR,0,0,0,-140.379074,1.25662959,190.704803,4.76446348E-06,-0.00868219789,-0.99996233,-1,-4.66548117E-05,-4.3595619E-06,-4.66152014E-05,0.99996233,-0.00868219789,0.000623607018,-1.33557633E-05,-0.00192655635,0.00022582199,-0.000210168873,0.000494221225,0,1,0,0,0,20,0.0200000014,0.00202501449,0.00202497048,3.14158797,179.999725,0.00868230686,0.497459501,-4.66565689E-05,-0.00267322431,-0.000210168873,-0.00434113992,-2.33177234E-05,0.999990582,2.28102772E-06,-140.379089,2.72618389,194.757278,1.09975272E-05,-0.235200614,-0.971946776,1.74532926,1,goal_runtime,0x006742EC,0x006742EC,0x0067459C,0x07D6855C,0x00673FF8,0x2B7EECF0,0x2B7EECF0,0x07D68C7C,0x00673FF8,0x07D6A95C,0x00673FF8,0x2B7EECF0,0x2B7EECF0,4.23000193,0,5,1,0x07D6842C,0x00673FF8,0x07D6855C,0x00673FF8,0x07D686E0,0x00673FF8,0x07D687D8,0x00673FF8,0x07D688D0,0x00673FF8,,,1,0x2B7F099C,0,0.600000024,0,0,0,-0.0175295994,-0.00601993827,0.00028437021,6.28285217,0.00836072769,1,0x2B7F099C,0,0.600000024,0,0,0,0.01743651,-0.000248540397,0.000283444184,0.000336442114,0.00223630457,1,0x2B7F099C,0,0.600000024,0,0,0,0.0174436942,-0.00153446861,3.5294197E-05,0,0.00417237263,1,0x2B7F099C,0,0.600000024,0,0,0,-0.0174598452,-0.0016172349,3.64996486E-05,0,0.00428350875
