timestamp_utc,sample_index,race_time_seconds,game_state,is_racing,is_paused,level_id,level_name,car_id,car_name,player_steer,player_throttle,player_brake,position_x,position_y,position_z,forward_x,forward_y,forward_z,right_x,right_y,right_z,up_x,up_y,up_z,velocity_x,velocity_y,velocity_z,angular_velocity_x,angular_velocity_y,angular_velocity_z,vehicle_applied_throttle,vehicle_applied_brake,vehicle_applied_handbrake,vehicle_control_candidate_1dfc,vehicle_applied_steer,vehicle_frame_delta_ms,vehicle_frame_delta_seconds,speed_magnitude,planar_speed_magnitude,yaw_radians,yaw_degrees,pitch_radians,pitch_degrees,roll_radians,roll_degrees,yaw_rate,quat_x,quat_y,quat_z,quat_w,camera_position_x,camera_position_y,camera_position_z,camera_forward_x,camera_forward_y,camera_forward_z,camera_fov,camera_mode_index,camera_family,wheel_0_contact_flag,wheel_0_contact_ptr,wheel_0_contact_surface_44_candidate,wheel_0_contact_surface_48_candidate,wheel_0_contact_surface_4c_candidate,wheel_0_contact_surface_50_candidate,wheel_0_suspension_length_candidate,wheel_0_tire_force_multiplier_candidate,wheel_0_load_or_spin_candidate,wheel_0_rotation_or_phase_candidate,wheel_0_vertical_load_candidate,wheel_1_contact_flag,wheel_1_contact_ptr,wheel_1_contact_surface_44_candidate,wheel_1_contact_surface_48_candidate,wheel_1_contact_surface_4c_candidate,wheel_1_contact_surface_50_candidate,wheel_1_suspension_length_candidate,wheel_1_tire_force_multiplier_candidate,wheel_1_load_or_spin_candidate,wheel_1_rotation_or_phase_candidate,wheel_1_vertical_load_candidate,wheel_2_contact_flag,wheel_2_contact_ptr,wheel_2_contact_surface_44_candidate,wheel_2_contact_surface_48_candidate,wheel_2_contact_surface_4c_candidate,wheel_2_contact_surface_50_candidate,wheel_2_suspension_length_candidate,wheel_2_tire_force_multiplier_candidate,wheel_2_load_or_spin_candidate,wheel_2_rotation_or_phase_candidate,wheel_2_vertical_load_candidate,wheel_3_contact_flag,wheel_3_contact_ptr,wheel_3_contact_surface_44_candidate,wheel_3_contact_surface_48_candidate,wheel_3_contact_surface_4c_candidate,wheel_3_contact_surface_50_candidate,wheel_3_suspension_length_candidate,wheel_3_tire_force_multiplier_candidate,wheel_3_load_or_spin_candidate,wheel_3_rotation_or_phase_candidate,wheel_3_vertical_load_candidate,web_telemetry_schema_version,web_capture_has_simulation,web_gear,web_engine_rpm,web_clutch,web_steer_state,web_steer_raw,web_steer_limit,web_steer_target,web_steer_speed_kph,web_speed_forward,web_speed_right,web_front_grip_scale,web_rear_grip_scale,web_inertia_roll_torque,web_inertia_pitch_torque,web_longitudinal_accel_filtered,web_lateral_accel_filtered,web_load_transfer_long,web_load_transfer_lat,web_aero_drag_force,web_rolling_resistance_drag,web_brake_distance_scale,web_slip_long_avg,web_slip_lat_avg,web_slip_angle_deg,web_surface_type,web_surface_grip,web_wheel_contacts,web_forward_impulse,web_suspension_force,web_front_suspension_force_sum,web_rear_suspension_force_sum,web_suspension_force_front_rear_ratio,web_suspension_force_front_minus_rear,web_camera_fov_degrees,web_sim_steps,web_sim_backlog_ms,web_wheel_0_forward_impulse,web_wheel_0_suspension_force,web_wheel_0_angular_velocity,web_wheel_0_longitudinal_speed,web_wheel_0_ground_relative_longitudinal_velocity,web_wheel_0_slip_ratio,web_wheel_1_forward_impulse,web_wheel_1_suspension_force,web_wheel_1_angular_velocity,web_wheel_1_longitudinal_speed,web_wheel_1_ground_relative_longitudinal_velocity,web_wheel_1_slip_ratio,web_wheel_2_forward_impulse,web_wheel_2_suspension_force,web_wheel_2_angular_velocity,web_wheel_2_longitudinal_speed,web_wheel_2_ground_relative_longitudinal_velocity,web_wheel_2_slip_ratio,web_wheel_3_forward_impulse,web_wheel_3_suspension_force,web_wheel_3_angular_velocity,web_wheel_3_longitudinal_speed,web_wheel_3_ground_relative_longitudinal_velocity,web_wheel_3_slip_ratio,web_input_throttle_raw,web_input_brake_raw,web_input_steer_raw,web_input_handbrake_raw,web_input_reset_raw,web_input_version_raw,web_input_snapshot_present,web_input_sanity_mask,web_input_steer_missing_under_turn_test
2026-04-28T16:47:54.949Z,0,0.011700000000186265,WebPort,true,false,webtest,webtest,car_16,car_16,0,0,0,0.003988633397966623,0.6390458345413208,0.12569189071655273,-0.000657888340615212,-0.04424695314012487,0.9990204073595029,-0.9999997830058353,-0.0000050799321248179995,-0.0006587582841429758,-0.0000342230027898376,0.9990206239672983,0.0442469401967661,-0.000020879384464933537,-0.16582748293876648,0.053133197128772736,0.0005387907731346786,-1.2237173052653816e-7,-0.00016451503324788064,0,0,0,0,3.128778724843054e-90,16.40000000037253,0.01640000000037253,0.1741318212472396,0.05313320123118613,-0.0006585333399272205,-0.037731181046483715,0.044261403602876,2.5359916217699308,-0.000005084912165877871,-0.0002913440062995284,-1.2237173052653816e-7,-0.000009828140917560942,0.9997550717966671,0.02212889332430641,0.0003292422969137912,0.007474919347436997,2.3474979788555297,-5.15343326765858,-0.0006452925238577905,-0.27011605241283393,0.9628275556019708,1.7453292519943295,0,web_chase,1,tarmac,1.6,0,8144.97314453125,0,0.04817485809326172,0.9996520742419934,-0.1611328125,1.0098463524718326,8144.97314453125,1,tarmac,1.6,0,8145.1591796875,0,0.04816192388534546,0.9996520742419934,-0.1611328125,2.3673902977843326,8145.1591796875,1,tarmac,1.6,0,5647.6484375,0,0.15890619158744812,0.9997277102763427,-0.15380859375,0.09850768941805654,5647.6484375,1,tarmac,1.6,0,5647.875,0,0.15889319777488708,0.9997277102763427,-0.15380859375,1.3784149159805565,5647.875,2026-04-28-slip-live-v5-loadtransfer,1,0,1000.0000000000006,0.25,3.128778724843054e-90,0,1,1e-323,0.19200998924900686,0.06051151062622032,-0.00001050542357722125,0.9996520742419934,0.9997277102763427,1.0082231784750852e-15,-3.310070141062161e-9,0.005093111432284059,-0.00012419172218460992,0.0005361169928720062,-0.000014610790845248225,0.0010984929085893298,137.16,0.08559043993604634,0.0040899838287351605,0.0000210108471544425,0.0012038328657668644,tarmac,1.6,4,0,27585.65576171875,16290.13232421875,11295.5234375,1.4421759570820023,4994.60888671875,100,1,2.9666666664833232,0,8144.97314453125,-0.1611328125,0.0523681640625,-0.008143346563720323,-0.0040716732818601616,0,8145.1591796875,-0.1611328125,0.0523681640625,-0.008143346563720323,-0.0040716732818601616,0,5647.6484375,-0.15380859375,0.052294921875000004,-0.008216588751220319,-0.0041082943756101595,0,5647.875,-0.15380859375,0.052294921875000004,-0.008216588751220319,-0.0041082943756101595,0,0,0,0,0,54,1,,0
2026-04-28T16:47:54.966Z,1,0.028700000000186264,WebPort,true,false,webtest,webtest,car_16,car_16,0,0,0,0.0039900969713926315,0.6386008858680725,0.1265493631362915,-0.000658030751765921,-0.04419678403890875,0.9990226280100707,-0.9999997830164579,-0.0000019121020933031736,-0.0006587589703130543,-0.00003102526120289524,0.9990228447222628,0.044196773190712,-0.000019195944332750514,-0.16352488100528717,0.053115494549274445,-0.0029680910520255566,-8.326810529979412e-8,-0.0001892155414680019,0,0,0,0,3.0363093389855383e-90,17,0.017,0.1719349959650205,0.0531154980179823,-0.0006586744265382468,-0.03773926471384133,0.0442111853749031,2.533114329252458,-0.000001913972341475755,-0.00010966253727133276,-8.326810529979412e-8,-0.000008236353565577239,0.999755627109544,0.022103790874671257,0.00032927789711122406,0.007479645888780315,2.3469992608155286,-5.152588349234078,-0.0006459245300751292,-0.2701063139390724,0.9628302872010981,1.7453292519943295,0,web_chase,1,tarmac,1.6,0,8153.63330078125,0,0.047688305377960205,0.9995091328374699,-0.1611328125,1.0071608055968326,8153.63330078125,1,tarmac,1.6,0,8153.65625,0,0.047679901123046875,0.9995091328374699,-0.1611328125,2.3647047509093326,8153.65625,1,tarmac,1.6,0,5665.11328125,0,0.1584455668926239,0.9996158430901938,-0.15380859375,0.09594421285555654,5665.11328125,1,tarmac,1.6,0,5665.162109375,0,0.15843719244003296,0.9996158430901938,-0.15380859375,1.3758514394180565,5665.162109375,2026-04-28-slip-live-v5-loadtransfer,1,0,1000.0000000000006,0.25,3.0363093389855383e-90,0,1,1e-323,0.1919460072771028,0.060418522843139366,-0.00001328016147959352,0.9995091328374699,0.9996158430901938,1.0403179829059806e-15,-5.2895262022032e-9,0.003997361660274913,-0.00012897414549010652,0.0004207749116078856,-0.000015173428881189003,0.0010951194236728926,137.16,0.08559043993604634,0.004043489937194682,0.00002656032295918704,0.0015217944077079886,tarmac,1.6,4,0,27637.56494140625,16307.28955078125,11330.275390625,1.4392668305550964,4977.01416015625,100,1,3.299999999816658,0,8153.63330078125,-0.1611328125,0.0523681640625,-0.008050358780639366,-0.004025179390319683,0,8153.65625,-0.1611328125,0.0523681640625,-0.008050358780639366,-0.004025179390319683,0,5665.11328125,-0.15380859375,0.052294921875000004,-0.008123600968139362,-0.004061800484069681,0,5665.162109375,-0.15380859375,0.052294921875000004,-0.008123600968139362,-0.004061800484069681,0,0,0,0,0,54,1,,0
2026-04-28T16:47:54.982Z,2,0.04529999999981373,WebPort,true,false,webtest,webtest,car_16,car_16,0,0,0,0.003991741221398115,0.6381918787956238,0.12737619876861572,-0.0006581852470670653,-0.04409220106528183,0.9990272491766176,-0.9999997830168729,0.0000015087774568797962,-0.0006587593876697473,-0.000027538841582410104,0.9990274659902711,0.044092192491073205,-0.00001813942435546778,-0.160702645778656,0.05309779569506645,-0.006187387742102146,-4.545773890640703e-8,-0.00020629627397283912,0,0,0,0,2.946572836490139e-90,16.59999999962747,0.016599999999627472,0.16924750100658478,0.05309779879348797,-0.0006588260253969177,-0.03774795068862217,0.0441065003497358,2.527116319132151,0.0000015102462226932828,0.00008653073458589976,-4.545773890640703e-8,-0.000006509099156933329,0.9997567826956415,0.022051461686157226,0.0003293162540958056,0.00748487537637524,2.3464486057539364,-5.151768107407156,-0.0006466219351134101,-0.2700814646890513,0.962837257438395,1.7453292519943295,0,web_chase,1,tarmac,1.6,0,8159.06298828125,0,0.047310441732406616,0.9995130289593793,-0.1611328125,1.0044752587218326,8159.06298828125,1,tarmac,1.6,0,8158.9140625,0,0.04730731248855591,0.9995130289593793,-0.1611328125,2.3620192040343326,8158.9140625,1,tarmac,1.6,0,5683.6630859375,0,0.1579248309135437,0.9996188922290795,-0.146484375,0.09350280660555654,5683.6630859375,1,tarmac,1.6,0,5683.525390625,0,0.1579216718673706,0.9996188922290795,-0.146484375,1.3734100331680565,5683.525390625,2026-04-28-slip-live-v5-loadtransfer,1,0,1000.0000000000006,0.25,2.946572836490139e-90,0,1,1e-323,0.19188204723830898,0.06029086743497135,-0.000015481692062124797,0.9995130289593793,0.9996188922290795,5.315654066789336e-16,-7.188642909360258e-9,0.0028005514749164535,-0.00012932669245289502,0.00029479489209646877,-0.000015214904994458237,0.0010904966807232233,137.16,0.08559043993604634,0.0046022208268606726,0.000030963384124249595,0.001774071229194926,tarmac,1.6,4,0,27685.16552734375,16317.97705078125,11367.1884765625,1.4355332529610607,4950.78857421875,100,1,3.2333333327774634,0,8159.06298828125,-0.1611328125,0.0523681640625,-0.007922703372471349,-0.003961351686235674,0,8158.9140625,-0.1611328125,0.0523681640625,-0.007922703372471349,-0.003961351686235674,0,5683.6630859375,-0.146484375,0.04980468750000001,-0.010486179934971342,-0.005243089967485671,0,5683.525390625,-0.146484375,0.04980468750000001,-0.010486179934971342,-0.005243089967485671,0,0,0,0,0,54,1,,0
2026-04-28T16:47:54.999Z,3,0.062,WebPort,true,false,webtest,webtest,car_16,car_16,0,0,0,0.00399347860366106,0.6378275752067566,0.1281757354736328,-0.0006583462563172385,-0.04393881664108391,0.9990340069148739,-0.9999997830045978,0.000005055173055929016,-0.0006587603530829678,-0.000023894860570815345,0.9990342238214998,0.04393881043461697,-0.000017704334823065437,-0.15741989016532898,0.053080104291439056,-0.009076789021492004,-8.940573614779623e-9,-0.00021561775065492839,0,0,0,0,2.859488448447214e-90,16.90000000037253,0.01690000000037253,0.16612802173233074,0.053080107243990364,-0.0006589827337838588,-0.0377569294178082,0.04395296712833661,2.5183195135309293,0.0000050600599412389034,0.0002899200787162045,-8.940573614779623e-9,-0.000004711059728965344,0.9997584725498668,0.021974714265629202,0.00032935620091344376,0.007490373481434963,2.3458646836794212,-5.150969851568346,-0.000647356052912281,-0.27004321890916694,0.9628479842900002,1.7453292519943295,0,web_chase,1,tarmac,1.6,0,8161.2626953125,0,0.04704439640045166,0.9994455258986339,-0.15380859375,1.0019117821593326,8161.2626953125,1,tarmac,1.6,0,8160.93994140625,0,0.04704689979553223,0.9994455258986339,-0.15380859375,2.3594557274718326,8160.93994140625,1,tarmac,1.6,0,5702.75146484375,0,0.1573609709739685,0.999566063746757,-0.146484375,0.09106140035555654,5702.75146484375,1,tarmac,1.6,0,5702.4228515625,0,0.15736344456672668,0.999566063746757,-0.146484375,1.3709686269180565,5702.4228515625,2026-04-28-slip-live-v5-loadtransfer,1,0,1000.0000000000006,0.25,2.859488448447214e-90,0,1,1e-323,0.19181810846923436,0.06013189007908105,-0.00001708171548838833,0.9994455258986339,0.999566063746757,-5.094106823038635e-16,-8.75130921194649e-9,0.0015336672622363481,-0.00012555828356655902,0.0001614386591827735,-0.000014771562772536356,0.0010847533488803067,137.16,0.08559043993604634,0.005117824922353022,0.00003416343097677666,0.0019574204078942744,tarmac,1.6,4,0,27727.376953125,16322.20263671875,11405.17431640625,1.4311225925972386,4917.0283203125,100,1,3.466666666483327,0,8161.2626953125,-0.15380859375,0.04998779296875,-0.010144097110331048,-0.005072048555165524,0,8160.93994140625,-0.15380859375,0.04998779296875,-0.010144097110331048,-0.005072048555165524,0,5702.75146484375,-0.146484375,0.04980468750000001,-0.01032720257908104,-0.00516360128954052,0,5702.4228515625,-0.146484375,0.04980468750000001,-0.01032720257908104,-0.00516360128954052,0,0,0,0,0,54,1,,0
2026-04-28T16:47:55.015Z,4,0.07839999999944121,WebPort,true,false,webtest,webtest,car_16,car_16,0,0,0,0.003995230421423912,0.6375157833099365,0.1289510428905487,-0.0006585069056033236,-0.04374270898424485,0.9990426125943652,-0.999999782979886,0.000008604532712263395,-0.0006587610666722564,-0.00002021969878858193,0.9990428295807351,0.043742705157341376,-0.000017847667550086044,-0.1537458300590515,0.05306242033839226,-0.011603736318647861,2.428571477253172e-8,-0.0002174586261389777,0,0,0,0,2.7749777930291523e-90,16.299999999813735,0.016299999999813734,0.16264501539012566,0.05306242333994426,-0.0006591378605239966,-0.03776581752530772,0.043756670738394565,2.5070725588535963,0.000008612776607046635,0.0004934757494727773,2.428571477253172e-8,-0.0000029044867820725984,0.9997606244940569,0.02187659025525722,0.00032939584236531673,0.007495927727490441,2.345263056576146,-5.150190532606592,-0.0006481008184069543,-0.26999290624826017,0.9628620932101064,1.7453292519943295,0,web_chase,1,tarmac,1.6,0,8160.28759765625,0,0.04689130187034607,0.9993834843084841,-0.15380859375,0.9993483055968326,8160.28759765625,1,tarmac,1.6,0,8159.796875,0,0.04689958691596985,0.9993834843084841,-0.15380859375,2.3568922509093326,8159.796875,1,tarmac,1.6,0,5721.85107421875,0,0.15677106380462646,0.9995175094588136,-0.13916015625,0.08874206441805654,5721.85107421875,1,tarmac,1.6,0,5721.33251953125,0,0.1567794382572174,0.9995175094588136,-0.13916015625,1.3686492909805565,5721.33251953125,2026-04-28-slip-live-v5-loadtransfer,1,0,1000.0000000000006,0.25,2.7749777930291523e-90,0,1,1e-323,0.19175419152697978,0.05994568462295226,-0.00001805852205063404,0.9993834843084841,0.9995175094588136,-1.90093341845066e-15,-9.780802032992848e-9,0.00022912293530634106,-0.00011798761926254281,0.000024118203716456954,-0.000013880896383828566,0.0010780456293074021,137.16,0.08559043993604634,0.0056472807880386285,0.00003611704410126808,0.002069354194590743,tarmac,1.6,4,0,27763.26806640625,16320.08447265625,11443.18359375,1.4261839232894855,4876.90087890625,100,1,3.099999999630395,0,8160.28759765625,-0.15380859375,0.04998779296875,-0.009957891654202258,-0.004978945827101129,0,8159.796875,-0.15380859375,0.04998779296875,-0.009957891654202258,-0.004978945827101129,0,5721.85107421875,-0.13916015625,0.047314453125,-0.012631231497952256,-0.006315615748976128,0,5721.33251953125,-0.13916015625,0.047314453125,-0.012631231497952256,-0.006315615748976128,0,0,0,0,0,54,1,,0
2026-04-28T16:47:55.032Z,5,0.09520000000018626,WebPort,true,false,webtest,webtest,car_16,car_16,0,0,0,0.003996925428509712,0.6372629404067993,0.12970584630966187,-0.0006586625752720049,-0.043510406027613135,0.9990527567305564,-0.9999997829434917,0.000012043686470823069,-0.0006587624148802491,-0.00001663074197729628,0.999052973781802,0.04351040451612187,-0.00001851378328865394,-0.14975817501544952,0.05304474011063576,-0.013745348900556564,5.352974241645825e-8,-0.0002123546728398651,0,0,0,0,2.6929648049414376e-90,16.799999999813735,0.016799999999813735,0.15887496901690673,0.053044743341494845,-0.0006592869849998974,-0.03777436172839894,0.04352414639678754,2.4937498954454553,0.000012055102968814194,0.0006907065217086821,5.352974241645825e-8,-0.0000011470355392127703,0.9997631611356574,0.021760356334015588,0.000329434270376535,0.0075013361171273885,2.344662384061641,-5.14942699465923,-0.0006488305655083575,-0.26993266165886975,0.9628789836675506,1.7453292519943295,0,web_chase,1,tarmac,1.6,0,8156.24072265625,0,0.046850502490997314,0.9993201635840213,-0.15380859375,0.9967848290343326,8156.24072265625,1,tarmac,1.6,0,8155.58935546875,0,0.04686465859413147,0.9993201635840213,-0.15380859375,2.3543287743468326,8155.58935546875,1,tarmac,1.6,0,5740.4638671875,0,0.15617182850837708,0.9994679541092341,-0.13916015625,0.08642272848055654,5740.4638671875,1,tarmac,1.6,0,5739.77001953125,0,0.15618595480918884,0.9994679541092341,-0.13916015625,1.3663299550430565,5739.77001953125,2026-04-28-slip-live-v5-loadtransfer,1,0,1000.0000000000006,0.25,2.6929648049414376e-90,0,1,1e-323,0.19169029691053277,0.059736889900074364,-0.000018430703969664915,0.9993201635840213,0.9994679541092341,-3.3553275807754247e-15,-1.018811663842659e-8,-0.001080638306019463,-0.00010717080093549907,-0.00011375140063362768,-0.00001260832952182342,0.0010705489063873364,137.16,0.08559043993604634,0.005542883426599681,0.00003686140793932983,0.002112003100877053,tarmac,1.6,4,0,27792.06396484375,16311.830078125,11480.23388671875,1.4208621739837397,4831.59619140625,100,1,3.2333333327774634,0,8156.24072265625,-0.15380859375,0.04998779296875,-0.009749096931324364,-0.004874548465662182,0,8155.58935546875,-0.15380859375,0.04998779296875,-0.009749096931324364,-0.004874548465662182,0,5740.4638671875,-0.13916015625,0.047314453125,-0.01242243677507436,-0.00621121838753718,0,5739.77001953125,-0.13916015625,0.047314453125,-0.01242243677507436,-0.00621121838753718,0,0,0,0,0,54,1,,0
2026-04-28T16:47:55.049Z,6,0.11179999999981373,WebPort,true,false,webtest,webtest,car_16,car_16,0,0,0,0.0039984919130802155,0.6370744109153748,0.1304437816143036,-0.0006588086778113142,-0.04324862784661783,0.9990641231475139,-0.9999997828979298,0.000015267911636789527,-0.00065876474122676,-0.000013237048380086792,0.9990643402485527,0.04324862851588387,-0.000019658127712318674,-0.145541250705719,0.053027067333459854,-0.015488270670175552,7.968890258780448e-8,-0.0002007978764595464,0,0,0,0,2.6133756669587477e-90,16.700000000186265,0.016700000000186264,0.15490037415517827,0.053027070977277914,-0.0006594257235893289,-0.03778231086402896,0.043262121562074776,2.478736978288801,0.00001528221058495843,0.000875606168148271,7.968890258780448e-8,5.078346457513039e-7,0.9997660034095474,0.021629375290697066,0.0003294704497214083,0.007506410591372654,2.3440774307599406,-5.148675956986734,-0.0006495224977773584,-0.26986409421506136,0.9628982027057738,1.7453292519943295,0,web_chase,1,tarmac,1.6,0,8149.2744140625,0,0.046919435262680054,0.9993323204609638,-0.146484375,0.9943434227843326,8149.2744140625,1,tarmac,1.6,0,8148.47509765625,0,0.04693925380706787,0.9993323204609638,-0.146484375,2.3518873680968326,8148.47509765625,1,tarmac,1.6,0,5758.134765625,0,0.15557929873466492,0.9994774681868412,-0.13916015625,0.08410339254305654,5758.134765625,1,tarmac,1.6,0,5757.275390625,0,0.15559911727905273,0.9994774681868412,-0.13916015625,1.3640106191055565,5757.275390625,2026-04-28-slip-live-v5-loadtransfer,1,0,1000.0000000000006,0.25,2.6133756669587477e-90,0,1,1e-323,0.19162642389589787,0.05951054503279931,-0.000018233742328189566,0.9993323204609638,0.9994774681868412,-4.5721694533119e-15,-9.971527413321818e-9,-0.0023640383589336547,-0.00009371563338495013,-0.00024884614304564786,-0.000011025368633523545,0.0010624515907710582,137.16,0.08559043993604634,0.006024803766399654,0.00003646748465637913,0.0020894329593423816,tarmac,1.6,4,0,27813.15966796875,16297.74951171875,11515.41015625,1.4152990897048623,4782.33935546875,100,1,3.2666666662970605,0,8149.2744140625,-0.146484375,0.047607421875,-0.01190312315779931,-0.005951561578899655,0,8148.47509765625,-0.146484375,0.047607421875,-0.01190312315779931,-0.005951561578899655,0,5758.134765625,-0.13916015625,0.047314453125,-0.012196091907799307,-0.0060980459538996536,0,5757.275390625,-0.13916015625,0.047314453125,-0.012196091907799307,-0.0060980459538996536,0,0,0,0,0,54,1,,0
2026-04-28T16:47:55.065Z,7,0.12820000000018628,WebPort,true,false,webtest,webtest,car_16,car_16,0,0,0,0.003999871667474508,0.6369538307189941,0.13116884231567383,-0.0006589414806328852,-0.042964210668568134,0.9990763946754783,-0.999999782846706,0.00001818782401787873,-0.0006587683539982444,-0.00001013243669619207,0.9990766118125426,0.04296421332345992,-0.00002119798955391161,-0.14118404686450958,0.05300939828157425,-0.016828229650855064,1.0097090807903442e-7,-0.00018369090685155243,0,0,0,0,2.5361387434844705e-90,16.299999999813735,0.016299999999813734,0.1508075987626929,0.05300940252001836,-0.000659550549484141,-0.037789462860975634,0.042977439767434324,2.462425912951693,0.000018204633959825015,0.0010430486934785049,1.0097090807903442e-7,0.00000201431199145524,0.9997690720029708,0.021487067963573865,0.00032950355025265603,0.007510990380354061,2.343522034213578,-5.147934081913596,-0.0006501564398334131,-0.26978894649231605,0.9629192601912011,1.7453292519943295,0,web_chase,1,tarmac,1.6,0,8139.5771484375,0,0.047094106674194336,0.9992753167033752,-0.146484375,0.9919020165343326,8139.5771484375,1,tarmac,1.6,0,8138.6484375,0,0.04711923003196716,0.9992753167033752,-0.146484375,2.3494459618468326,8138.6484375,1,tarmac,1.6,0,5774.4482421875,0,0.15500867366790771,0.9994328565504675,-0.1318359375,0.08190612691805654,5774.4482421875,1,tarmac,1.6,0,5773.4443359375,0,0.15503373742103577,0.9994328565504675,-0.1318359375,1.3618133534805565,5773.4443359375,2026-04-28-slip-live-v5-loadtransfer,1,0,1000.0000000000006,0.25,2.5361387434844705e-90,0,1,1e-323,0.19156257299823362,0.05927191286763532,-0.000017496349800724956,0.9992753167033752,0.9994328565504675,-5.304750847180035e-15,-9.18131667048096e-9,-0.0035913630872705746,-0.00007811526899058121,-0.0003780382197126921,-0.00000919003164595073,0.001053947988333243,137.16,0.08559043993604634,0.006528046277567659,0.00003499269960144991,0.002004934000113858,tarmac,1.6,4,0,27826.1181640625,16278.2255859375,11547.892578125,1.4096273822959784,4730.3330078125,100,1,2.8999999994441286,0,8139.5771484375,-0.146484375,0.047607421875,-0.01166449099263532,-0.00583224549631766,0,8138.6484375,-0.146484375,0.047607421875,-0.01166449099263532,-0.00583224549631766,0,5774.4482421875,-0.1318359375,0.044824218750000006,-0.014447694117635315,-0.007223847058817658,0,5773.4443359375,-0.1318359375,0.044824218750000006,-0.014447694117635315,-0.007223847058817658,0,0,0,0,0,54,1,,0
2026-04-28T16:47:55.082Z,8,0.14520000000018626,WebPort,true,false,webtest,webtest,car_16,car_16,0,0,0,0.004001012537628412,0.6369034051895142,0.13188466429710388,-0.0006590566394804008,-0.042663878731400394,0.9990892648286931,-0.9999997827948024,0.00002072910149020279,-0.0006587720793602325,-0.000007395549337051369,0.9990894819894247,0.04266388312623616,-0.000023064731067279354,-0.1367780864238739,0.05299173668026924,-0.017769377678632736,1.1829558133058526e-7,-0.00016192946350201964,0,0,0,0,2.46118451607383e-90,17,0.017,0.14668459228613456,0.052991741699748005,-0.0006596573170043268,-0.03779558018927136,0.04267683218953527,2.445202367448427,0.000020747992908454745,0.0011887724270218188,1.1829558133058526e-7,0.0000033341472560401183,0.9997722902757558,0.02133679906103958,0.0003295322174005122,0.00751493215871021,2.3430086243245993,-5.147189754090302,-0.00065071546555221,-0.26970942567428613,0.9629415362688587,1.7453292519943295,0,web_chase,1,tarmac,1.6,0,8127.38232421875,0,0.04736882448196411,0.9992161002336014,-0.146484375,0.9894606102843326,8127.38232421875,1,tarmac,1.6,0,8126.345703125,0,0.04739871621131897,0.9992161002336014,-0.146484375,2.3470045555968326,8126.345703125,1,tarmac,1.6,0,5789.056640625,0,0.15447351336479187,0.9993865132262967,-0.1318359375,0.07970886129305654,5789.056640625,1,tarmac,1.6,0,5787.92724609375,0,0.15450343489646912,0.9993865132262967,-0.1318359375,1.3596160878555565,5787.92724609375,2026-04-28-slip-live-v5-loadtransfer,1,0,1000.0000000000006,0.25,2.46118451607383e-90,0,1,1e-323,0.1914987435122658,0.059026313619834105,-0.000016290759700195318,0.9992161002336014,0.9993865132262967,-5.442373836957744e-15,-7.959627360588366e-9,-0.004735595743351752,-0.00006110237236344395,-0.0004984837624580792,-0.000007188514395699288,0.0010452317894807594,137.16,0.08559043993604634,0.006405246653667051,0.000032581519400390636,0.0018667835511054316,tarmac,1.6,4,0,27830.7119140625,16253.72802734375,11576.98388671875,1.4039691327540167,4676.744140625,100,1,3.2333333327774634,0,8127.38232421875,-0.146484375,0.047607421875,-0.011418891744834105,-0.005709445872417052,0,8126.345703125,-0.146484375,0.047607421875,-0.011418891744834105,-0.005709445872417052,0,5789.056640625,-0.1318359375,0.044824218750000006,-0.014202094869834099,-0.0071010474349170495,0,5787.92724609375,-0.1318359375,0.044824218750000006,-0.014202094869834099,-0.0071010474349170495,0,0,0,0,0,54,1,,0
2026-04-28T16:47:55.099Z,9,0.162,WebPort,true,false,webtest,webtest,car_16,car_16,0,0,0,0.004001879598945379,0.6369236707687378,0.1325952410697937,-0.0006591525547407275,-0.04235419433264318,0.9991024410641496,-0.999999782745985,0.000022833973933787672,-0.0006587765877809022,-0.000005088472524225473,0.9991026582394036,0.04235420018209665,-0.0000251820183621021,-0.132415309548378,0.05297407880425453,-0.01832367479801178,1.3137130849827372e-7,-0.00013649709580931813,0,0,0,0,2.388445520862595e-90,16.800000000745058,0.01680000000074506,0.14261860980281002,0.052974084789578185,-0.0006597446187837956,-0.0378005822127789,0.042366867607081755,2.427442705075306,0.00002285448221111691,0.0013094653736538168,1.3137130849827372e-7,0.000004437371164706951,0.999775585075163,0.021181852152443656,0.00032955624296990304,0.007518126871292342,2.3425442867260267,-5.146431975117041,-0.0006511859418674423,-0.26962699665602885,0.9629646196154451,1.7453292519943295,0,web_chase,1,tarmac,1.6,0,8112.95703125,0,0.047736406326293945,0.9992313561974723,-0.146484375,0.9870192040343326,8112.95703125,1,tarmac,1.6,0,8111.83251953125,0,0.04777047038078308,0.9992313561974723,-0.146484375,2.3445631493468326,8111.83251953125,1,tarmac,1.6,0,5801.6669921875,0,0.15398594737052917,0.9993984526762827,-0.1318359375,0.07751159566805654,5801.6669921875,1,tarmac,1.6,0,5800.4375,0,0.15402007102966309,0.9993984526762827,-0.1318359375,1.3574188222305565,5800.4375,2026-04-28-slip-live-v5-loadtransfer,1,0,1000.0000000000006,0.25,2.388445520862595e-90,0,1,1e-323,0.19143493597067457,0.058778974135151194,-0.000014680037339387203,0.9992313561974723,0.9993984526762827,-5.0016494344804795e-15,-6.463449820333943e-9,-0.005773068614733503,-0.00004326455591323463,-0.0006076914331298424,-0.000005089947754498192,0.0010364904047652807,137.16,0.08559043993604634,0.006281576911325595,0.000029360074678774405,0.0016822083647993272,tarmac,1.6,4,0,27826.89404296875,16224.78955078125,11602.1044921875,1.3984350478576126,4622.68505859375,100,1,3.3666666668558562,0,8112.95703125,-0.146484375,0.047607421875,-0.011171552260151194,-0.005585776130075597,0,8111.83251953125,-0.146484375,0.047607421875,-0.011171552260151194,-0.005585776130075597,0,5801.6669921875,-0.1318359375,0.044824218750000006,-0.013954755385151188,-0.006977377692575594,0,5800.4375,-0.1318359375,0.044824218750000006,-0.013954755385151188,-0.006977377692575594,0,0,0,0,0,54,1,,0
2026-04-28T16:47:55.115Z,10,0.1785,WebPort,true,false,webtest,webtest,car_16,car_16,0,0,0,0.004002443514764309,0.6370137333869934,0.13330382108688354,-0.0006592276461673771,-0.04204133690297954,0.9991156546718306,-0.9999997827041367,0.00002446343481057172,-0.000658781617861301,-0.000003254259255710851,0.999115871855187,0.04204134389454347,-0.00002746396785369143,-0.12818589806556702,0.05295642837882042,-0.01850985176861286,1.3976200818888174e-7,-0.00010851684783119708,0,0,0,0,2.317856287845045e-90,16.5,0.0165,0.1386939383094539,0.05295643550042494,-0.0006598110513230307,-0.03780438851689941,0.04205373125857169,2.4095013138935415,0.00002448508275647603,0.0014028919029746246,1.3976200818888174e-7,0.00000530346654239796,0.9997788892089032,0.02102531912432539,0.000329575188637855,0.00752050926428563,2.342142856207709,-5.14567627413988,-0.0006515582198833816,-0.2695433150374354,0.962988046026801,1.7453292519943295,0,web_chase,1,tarmac,1.6,0,8096.5986328125,0,0.04818814992904663,0.9992469510109153,-0.146484375,0.9845777977843326,8096.5986328125,1,tarmac,1.6,0,8095.41162109375,0,0.04822570085525513,0.9992469510109153,-0.146484375,2.3421217430968326,8095.41162109375,1,tarmac,1.6,0,5812.06103515625,0,0.1535559892654419,0.9994106573128902,-0.1318359375,0.07531433004305654,5812.06103515625,1,tarmac,1.6,0,5810.75830078125,0,0.15359356999397278,0.9994106573128902,-0.1318359375,1.3552215566055565,5810.75830078125,2026-04-28-slip-live-v5-loadtransfer,1,0,1000.0000000000006,0.25,2.317856287845045e-90,0,1,1e-323,0.1913711496842945,0.05853489179847617,-0.000012739637710958006,0.9992469510109153,0.9994106573128902,-4.119174550242351e-15,-4.867704617450945e-9,-0.00668395753634309,-0.00002520704627032213,-0.000703574477509799,-0.000002965534855332015,0.0010279001160473046,137.16,0.08559043993604634,0.006159535742988085,0.000025479275421916012,0.001459854946411288,tarmac,1.6,4,0,27814.82958984375,16192.01025390625,11622.8193359375,1.3931224245946001,4569.19091796875,100,1,3.20000000018919,0,8096.5986328125,-0.146484375,0.047607421875,-0.010927469923476173,-0.005463734961738086,0,8095.41162109375,-0.146484375,0.047607421875,-0.010927469923476173,-0.005463734961738086,0,5812.06103515625,-0.1318359375,0.044824218750000006,-0.013710673048476167,-0.006855336524238084,0,5810.75830078125,-0.1318359375,0.044824218750000006,-0.013710673048476167,-0.006855336524238084,0,0,0,0,0,54,1,,0
2026-04-28T16:47:55.132Z,11,0.19489999999944121,WebPort,true,false,webtest,webtest,car_16,car_16,0,0,0,0.004002690315246582,0.63717120885849,0.13401341438293457,-0.0006592812476067393,-0.04173115350837203,0.9991286584695174,-0.9999997826722538,0.00002559535505281064,-0.0006587870091166072,-0.0000019188890498007476,0.9991288756570589,0.041731161313572095,-0.000029839316994184628,-0.12417636811733246,0.052938785403966904,-0.018352625891566277,1.442686539121496e-7,-0.0000790018166298978,0,0,0,0,2.2493532819465493e-90,16.59999999962747,0.016599999999627472,0.13498994884525053,0.052938793813536195,-0.0006598561119553238,-0.037806970300951995,0.04174327540234594,2.3917135036066854,0.00002561767122422441,0.0014677844421017957,1.442686539121496e-7,0.000005920406315330142,0.9997821408685531,0.020870125452890385,0.00032958886812538095,0.007522038794811923,2.3418119157834774,-5.144920279077451,-0.0006518267792738037,-0.269460105265612,0.9630113326394947,1.7453292519943295,0,web_chase,1,tarmac,1.6,0,8078.6240234375,0,0.048714637756347656,0.9992625446203689,-0.146484375,0.9821363915343326,8078.6240234375,1,tarmac,1.6,0,8077.3994140625,0,0.048754870891571045,0.9992625446203689,-0.146484375,2.3396803368468326,8077.3994140625,1,tarmac,1.6,0,5820.08544921875,0,0.15319177508354187,0.9994228610072453,-0.1318359375,0.07311706441805654,5820.08544921875,1,tarmac,1.6,0,5818.7373046875,0,0.15323200821876526,0.9994228610072453,-0.1318359375,1.3530242909805565,5818.7373046875,2026-04-28-slip-live-v5-loadtransfer,1,0,1000.0000000000006,0.25,2.2493532819465493e-90,0,1,1e-323,0.1913073851944758,0.05829872124057945,-0.000010558627038632192,0.9992625446203689,0.9994228610072453,-3.0090331060912046e-15,-3.343681945461569e-9,-0.007452585187185589,-0.000007558980425914389,-0.0007844826512826937,-8.892918148134575e-7,0.0010196223029314182,137.16,0.08559043993604634,0.006041450464039724,0.000021117254077264383,0.0012099295333528274,tarmac,1.6,4,0,27794.84619140625,16156.0234375,11638.82275390625,1.3881149132611093,4517.20068359375,100,1,3.133333333149996,0,8078.6240234375,-0.146484375,0.047607421875,-0.01069129936557945,-0.005345649682789725,0,8077.3994140625,-0.146484375,0.047607421875,-0.01069129936557945,-0.005345649682789725,0,5820.08544921875,-0.1318359375,0.044824218750000006,-0.013474502490579444,-0.006737251245289722,0,5818.7373046875,-0.1318359375,0.044824218750000006,-0.013474502490579444,-0.006737251245289722,0,0,0,0,0,54,1,,0
2026-04-28T16:47:55.149Z,12,0.21170000000018627,WebPort,true,false,webtest,webtest,car_16,car_16,0,0,0,0.004002614878118038,0.6373921036720276,0.13472720980644226,-0.0006593136419026086,-0.04142894719962542,0.9991412350811333,-0.9999997826521416,0.000026224178672331204,-0.0006587928066397749,-0.0000010914341341109679,0.99914145227101,0.04142895548509122,-0.00003223544990760274,-0.12046782672405243,0.052921146154403687,-0.01788163185119629,1.4476478327196673e-7,-0.000048950259952107444,0,0,0,0,2.182874845837707e-90,16.700000000186265,0.016700000000186264,0.13157942857846858,0.05292115597206837,-0.0006598802281956355,-0.037808352059739585,0.04144080751087268,2.374383369987047,0.000026246712721910196,0.0015038258650577794,1.4476478327196673e-7,0.00000628453551420246,0.9997852856994202,0.02071892432052341,0.0003295973814068176,0.007522700823813978,2.3415559150299656,-5.144161566899088,-0.0006519894364721615,-0.269378809656501,0.9630340761457101,1.7453292519943295,0,web_chase,1,tarmac,1.6,0,8059.369140625,0,0.049305260181427,0.9992778093647718,-0.146484375,0.9796949852843326,8059.369140625,1,tarmac,1.6,0,8058.12744140625,0,0.04934743046760559,0.9992778093647718,-0.146484375,2.3372389305968326,8058.12744140625,1,tarmac,1.6,0,5825.6552734375,0,0.1528993844985962,0.9994348073289518,-0.1318359375,0.07091979879305654,5825.6552734375,1,tarmac,1.6,0,5824.28515625,0,0.1529415249824524,0.9994348073289518,-0.1318359375,1.3508270253555565,5824.28515625,2026-04-28-slip-live-v5-loadtransfer,1,0,1000.0000000000006,0.25,2.182874845837707e-90,0,1,1e-323,0.19124364298923835,0.05807470039418977,-0.000008214411824403778,0.9992778093647718,0.9994348073289518,-1.8914401615436444e-15,-2.0237786279709794e-9,-0.008067450843666635,0.000009200755739468212,-0.0008492053519649089,0.0000010824418517021425,0.0010118012680054402,137.16,0.08559043993604634,0.005929440040844884,0.000016428823648807557,0.0009413022573567027,tarmac,1.6,4,0,27767.43701171875,16117.49658203125,11649.9404296875,1.383483175670074,4467.55615234375,100,1,3.166666666669593,0,8059.369140625,-0.146484375,0.047607421875,-0.010467278519189771,-0.0052336392595948855,0,8058.12744140625,-0.146484375,0.047607421875,-0.010467278519189771,-0.0052336392595948855,0,5825.6552734375,-0.1318359375,0.044824218750000006,-0.013250481644189765,-0.006625240822094883,0,5824.28515625,-0.1318359375,0.044824218750000006,-0.013250481644189765,-0.006625240822094883,0,0,0,0,0,54,1,,0
2026-04-28T16:47:55.165Z,13,0.2285,WebPort,true,false,webtest,webtest,car_16,car_16,0,0,0,0.004002222791314125,0.637671172618866,0.13544777035713196,-0.0006593257241065948,-0.041139417060542374,0.9991531982901863,-0.9999997826444811,0.000026363282241415052,-0.0006587988827556364,-7.61644227766758e-7,0.9991534154817748,0.04113942550065318,-0.00003456436388660222,-0.11713393777608871,0.052903514355421066,-0.017130397260189056,1.4041775386886002e-7,-0.00001950712248799391,0,0,0,0,2.1183611444385912e-90,16.700000000186265,0.016700000000186264,0.1285268158976255,0.052903525646685344,-0.0006598844196608724,-0.03780859221300763,0.04115103031969931,2.357780359933657,0.000026385619892601855,0.0015117846596825147,1.4041775386886002e-7,0.000006401764903394341,0.9997882771387703,0.020574066640555156,0.00032960093576874276,0.007522511632432028,2.3413769825916257,-5.14339828863856,-0.0006520479594710498,-0.2693006849819291,0.9630559256355378,1.7453292519943295,0,web_chase,1,tarmac,1.6,0,8039.18017578125,0,0.04994878172874451,0.9992924490611497,-0.146484375,0.9772535790343326,8039.18017578125,1,tarmac,1.6,0,8037.94970703125,0,0.0499919056892395,0.9992924490611497,-0.146484375,2.3347975243468326,8037.94970703125,1,tarmac,1.6,0,5828.75634765625,0,0.15268254280090332,0.9994462644826388,-0.1318359375,0.06872253316805654,5828.75634765625,1,tarmac,1.6,0,5827.39404296875,0,0.15272566676139832,0.9994462644826388,-0.1318359375,1.3486297597305565,5827.39404296875,2026-04-28-slip-live-v5-loadtransfer,1,0,1000.0000000000006,0.25,2.1183611444385912e-90,0,1,1e-323,0.19117992232922276,0.05786657581649633,-0.000005787797316635584,0.9992924490611497,0.9994462644826388,-9.551037160071683e-16,-1.0047006637772135e-9,-0.008521261597134991,0.000024624368826231282,-0.000896974904961578,0.0000028969845677919157,0.0010045621890674749,137.16,0.08559043993604634,0.005825377751998165,0.000011575594633271168,0.0006632327178111006,tarmac,1.6,4,0,27733.2802734375,16077.1298828125,11656.150390625,1.3792829831488171,4420.9794921875,100,1,3.20000000018919,0,8039.18017578125,-0.146484375,0.047607421875,-0.010259153941496332,-0.005129576970748166,0,8037.94970703125,-0.146484375,0.047607421875,-0.010259153941496332,-0.005129576970748166,0,5828.75634765625,-0.1318359375,0.044824218750000006,-0.013042357066496327,-0.006521178533248163,0,5827.39404296875,-0.1318359375,0.044824218750000006,-0.013042357066496327,-0.006521178533248163,0,0,0,0,0,54,1,,0
