timestamp_utc,sample_index,race_time_seconds,game_state,is_racing,is_paused,level_id,level_name,car_id,car_name,player_steer,player_throttle,player_brake,position_x,position_y,position_z,forward_x,forward_y,forward_z,right_x,right_y,right_z,up_x,up_y,up_z,velocity_x,velocity_y,velocity_z,angular_velocity_x,angular_velocity_y,angular_velocity_z,vehicle_applied_throttle,vehicle_applied_brake,vehicle_applied_handbrake,vehicle_control_candidate_1dfc,vehicle_applied_steer,vehicle_frame_delta_ms,vehicle_frame_delta_seconds,speed_magnitude,planar_speed_magnitude,yaw_radians,yaw_degrees,pitch_radians,pitch_degrees,roll_radians,roll_degrees,yaw_rate,quat_x,quat_y,quat_z,quat_w,camera_position_x,camera_position_y,camera_position_z,camera_forward_x,camera_forward_y,camera_forward_z,camera_fov,camera_mode_index,camera_family,wheel_0_contact_flag,wheel_0_contact_ptr,wheel_0_contact_surface_44_candidate,wheel_0_contact_surface_48_candidate,wheel_0_contact_surface_4c_candidate,wheel_0_contact_surface_50_candidate,wheel_0_suspension_length_candidate,wheel_0_tire_force_multiplier_candidate,wheel_0_load_or_spin_candidate,wheel_0_rotation_or_phase_candidate,wheel_0_vertical_load_candidate,wheel_1_contact_flag,wheel_1_contact_ptr,wheel_1_contact_surface_44_candidate,wheel_1_contact_surface_48_candidate,wheel_1_contact_surface_4c_candidate,wheel_1_contact_surface_50_candidate,wheel_1_suspension_length_candidate,wheel_1_tire_force_multiplier_candidate,wheel_1_load_or_spin_candidate,wheel_1_rotation_or_phase_candidate,wheel_1_vertical_load_candidate,wheel_2_contact_flag,wheel_2_contact_ptr,wheel_2_contact_surface_44_candidate,wheel_2_contact_surface_48_candidate,wheel_2_contact_surface_4c_candidate,wheel_2_contact_surface_50_candidate,wheel_2_suspension_length_candidate,wheel_2_tire_force_multiplier_candidate,wheel_2_load_or_spin_candidate,wheel_2_rotation_or_phase_candidate,wheel_2_vertical_load_candidate,wheel_3_contact_flag,wheel_3_contact_ptr,wheel_3_contact_surface_44_candidate,wheel_3_contact_surface_48_candidate,wheel_3_contact_surface_4c_candidate,wheel_3_contact_surface_50_candidate,wheel_3_suspension_length_candidate,wheel_3_tire_force_multiplier_candidate,wheel_3_load_or_spin_candidate,wheel_3_rotation_or_phase_candidate,wheel_3_vertical_load_candidate,web_gear,web_engine_rpm,web_clutch,web_steer_state,web_steer_raw,web_steer_limit,web_steer_target,web_steer_speed_kph,web_speed_forward,web_speed_right,web_front_grip_scale,web_rear_grip_scale,web_inertia_roll_torque,web_inertia_pitch_torque,web_aero_drag_force,web_rolling_resistance_drag,web_brake_distance_scale,web_slip_long_avg,web_slip_lat_avg,web_slip_angle_deg,web_surface_type,web_surface_grip,web_wheel_contacts,web_forward_impulse,web_suspension_force,web_camera_fov_degrees,web_sim_steps,web_sim_backlog_ms,web_wheel_0_forward_impulse,web_wheel_0_suspension_force,web_wheel_0_angular_velocity,web_wheel_1_forward_impulse,web_wheel_1_suspension_force,web_wheel_1_angular_velocity,web_wheel_2_forward_impulse,web_wheel_2_suspension_force,web_wheel_2_angular_velocity,web_wheel_3_forward_impulse,web_wheel_3_suspension_force,web_wheel_3_angular_velocity
2026-04-27T20:53:11.534Z,0,0.014,WebPort,true,false,webtest,webtest,car_1,car_1,0,0,0,0.0029285470955073833,0.494600772857666,0.04279163479804993,-0.0007157220295711443,-0.04536847234230498,0.9989700643459253,-0.9999997383091479,-0.00007288874160991646,-0.000719770009926989,-0.000105468536684345,0.9989703180798503,0.04536840830171274,-1.646503022811885e-7,-0.1504247784614563,0.0027926419861614704,0.005148630123585463,-6.788527429080204e-8,0.00005985626557958312,0,0,0,0,0.000001301855644333603,18,0.018,0.1504506989829831,0.002792641991015247,-0.000716459814615386,-0.04105012356818699,0.045384050417020434,2.6003145461042148,-0.00007296387105942392,-0.0041805218686417215,-6.788527429080204e-8,-0.000044600805086629375,0.9997424819340883,0.022690063262211128,0.00035896544996293696,0.005693026704888594,2.1415394845636353,-3.9344404279173912,-0.0006429001518870333,-0.31937677685301546,0.9476275962034739,1.7453292519943295,0,web_chase,1,tarmac,1.6,0,4787.9345703125,0,-0.029226690530776978,0.9987434616185193,-0.0146484375,2.431606117404847,4787.9345703125,1,tarmac,1.6,0,4789.68701171875,0,-0.02932918071746826,0.9987434616185193,-0.0146484375,4.414259242474046,4789.68701171875,1,tarmac,1.6,0,3670.30615234375,0,0.07794848084449768,0.9990166221362325,-0.0146484375,2.827785316623597,3670.30615234375,1,tarmac,1.6,0,3672.271484375,0,0.07784485816955566,0.9990166221362325,-0.0146484375,4.067274379192796,3672.271484375,0,1000.0000000000006,0.25,0.000001301855644333603,0,1,1.4809813511172374e-52,0.010091917468970035,0.00964808595458598,0.00000987493094790772,0.9987434616185193,0.9990166221362325,-8.786349978401767e-15,2.9220401837822965e-9,0.000027925698030402148,84.33,0.08559043993604634,0.01050710940917196,0.00001974986189581544,0.0011315837324493401,tarmac,1.6,4,0,16920.19921875,100,2,1.0000000000154885,0,4787.9345703125,-0.0146484375,0,4789.68701171875,-0.0146484375,0,3670.30615234375,-0.0146484375,0,3672.271484375,-0.0146484375
2026-04-27T20:53:11.550Z,1,0.031,WebPort,true,false,webtest,webtest,car_1,car_1,0,0,0,0.0029278357978910208,0.49441155791282654,0.04287862777709961,-0.0007156610824190656,-0.045445032654434475,0.9989665844442709,-0.9999997382083141,-0.0000741957960762054,-0.0007197765537277206,-0.00010682938997442313,0.998966838039192,0.045444967658259026,5.768105211245711e-7,-0.14918935298919678,0.002791712060570717,0.004529417026787996,-6.0753777120226e-8,0.00008052551129367203,0,0,0,0,0.0000012633799953684604,16,0.016,0.14921547071901425,0.0027917121201596657,-0.0007164013002337588,-0.04104677094107894,0.045460689776421766,2.6047056579424974,-0.00007427253149404651,-0.004255502588361351,-6.0753777120226e-8,-0.00004526799323228196,0.9997416117042165,0.022728372823693225,0.0003589521580730889,0.005691154997459954,2.141460502385416,-3.934356646603511,-0.000642608421498111,-0.31940291632339485,0.9476187862735348,1.7453292519943295,0,web_chase,1,tarmac,1.6,0,4792.30810546875,0,-0.029528766870498657,0.9987489252378052,-0.0146484375,2.431361976779847,4792.30810546875,1,tarmac,1.6,0,4794.09814453125,0,-0.029632598161697388,0.9987489252378052,-0.0146484375,4.414015101849046,4794.09814453125,1,tarmac,1.6,0,3672.123291015625,0,0.07784479856491089,0.9990208980121954,-0.0146484375,2.827541175998597,3672.123291015625,1,tarmac,1.6,0,3674.1298828125,0,0.07773983478546143,0.9990208980121954,-0.0146484375,4.067030238567796,3674.1298828125,0,1000.0000000000006,0.25,0.0000012633799953684604,0,1,1.134325585410258e-52,0.01008855343166751,0.00961430826368064,0.000009118863118097759,0.9987489252378052,0.9990208980121954,-7.605923389872667e-15,2.4917211720720955e-9,0.00002773050196282272,84.33,0.08559043993604634,0.01043955402736128,0.000018237726236195518,0.0010449447411331606,tarmac,1.6,4,0,16932.659423828125,100,1,0.3333333333488224,0,4792.30810546875,-0.0146484375,0,4794.09814453125,-0.0146484375,0,3672.123291015625,-0.0146484375,0,3674.1298828125,-0.0146484375
2026-04-27T20:53:11.567Z,2,0.047,WebPort,true,false,webtest,webtest,car_1,car_1,0,0,0,0.002926981309428811,0.49424511194229126,0.042959704995155334,-0.0007155862383064712,-0.04551042700252589,0.9989636074304126,-0.9999997380839639,-0.00007580295890926383,-0.0007197818524746042,-0.00010848197674068587,0.9989638608518125,0.04551036083906103,0.0000012107411748729646,-0.1477634608745575,0.002790782367810607,0.003869060892611742,-5.1748205720514306e-8,0.00009778836829354987,0,0,0,0,0.0000012260414736798572,17,0.017,0.14778981303634314,0.002790782630442,-0.0007163285134597703,-0.04104260056612502,0.04552615185468107,2.6084563587449106,-0.0000758815826421743,-0.004347694428169753,-5.1748205720514306e-8,-0.000046083175573844775,0.999740867220875,0.022761095106227532,0.00035893503452829147,0.005688827627236496,2.141392800144048,-3.934277898063866,-0.000642241109179024,-0.31942638691815883,0.9476108752366492,1.7453292519943295,0,web_chase,1,tarmac,1.6,0,4796.0224609375,0,-0.02979952096939087,0.998757372019185,-0.0146484375,2.431117836154847,4796.0224609375,1,tarmac,1.6,0,4797.85888671875,0,-0.029905229806900024,0.998757372019185,-0.0146484375,4.413770961224046,4797.85888671875,1,tarmac,1.6,0,3673.728271484375,0,0.07774856686592102,0.9990275085367535,-0.0146484375,2.827297035373597,3673.728271484375,1,tarmac,1.6,0,3675.78515625,0,0.07764169573783875,0.9990275085367535,-0.0146484375,4.066786097942796,3675.78515625,0,1000.0000000000006,0.25,0.0000012260414736798572,0,1,8.688121107977863e-53,0.010085190839807264,0.009568741667387363,0.00000848300355504939,0.998757372019185,0.9990275085367535,-6.711521132352374e-15,2.1563405362388717e-9,0.00002746826671756332,84.33,0.08559043993604634,0.010348420834774726,0.00001696600711009878,0.0009720806025043372,tarmac,1.6,4,0,16943.394775390625,100,1,0.6666666666821572,0,4796.0224609375,-0.0146484375,0,4797.85888671875,-0.0146484375,0,3673.728271484375,-0.0146484375,0,3675.78515625,-0.0146484375
2026-04-27T20:53:11.584Z,3,0.064,WebPort,true,false,webtest,webtest,car_1,car_1,0,0,0,0.002926012733951211,0.49410414695739746,0.043034628033638,-0.0007155013592493139,-0.04556416978301893,0.9989611576481786,-0.9999997379384876,-0.00007765065478426766,-0.0007197870045869541,-0.00011036648528004177,0.9989614108674869,0.04556410228325466,0.000001727783342175826,-0.14618058502674103,0.0027898529078811407,0.003179753664880991,-4.193738689650672e-8,0.00011151296348543838,0,0,0,0,0.0000011898064720778483,16,0.016,0.14620720475063162,0.002789853442897697,-0.0007162453028517236,-0.04103783294947323,0.04557995044372969,2.611538790841155,-0.00007773138560021444,-0.004453680330596269,-4.193738689650672e-8,-0.00004701649733625751,0.9997402545729258,0.022787987092007776,0.00035891531757151326,0.005686119504745773,2.1413357805119433,-3.9342045018926797,-0.000641809692790193,-0.31944638316785157,0.9476041348375894,1.7453292519943295,0,web_chase,1,tarmac,1.6,0,4799.037109375,0,-0.030035316944122314,0.9987685433587529,-0.010986328125,2.430934730686097,4799.037109375,1,tarmac,1.6,0,4800.92333984375,0,-0.030143320560455322,0.9987685433587529,-0.010986328125,4.413587855755296,4800.92333984375,1,tarmac,1.6,0,3675.08837890625,0,0.0776619017124176,0.9990362513242413,-0.0146484375,2.827052894748597,3675.08837890625,1,tarmac,1.6,0,3677.20068359375,0,0.07755273580551147,0.9990362513242413,-0.0146484375,4.066541957317796,3677.20068359375,0,1000.0000000000006,0.25,0.0000011898064720778483,0,1,6.654478163744315e-53,0.01008182968696489,0.009512667355083689,0.00000798141219264808,0.9987685433587529,0.9990362513242413,-6.078724967686358e-15,1.9088751720282e-9,0.00002714727117342465,84.33,0.08559043993604634,0.012433537835167378,0.00001596282438529616,0.0009146024663082988,tarmac,1.6,4,0,16952.24951171875,100,1,1.5491080640472887e-11,0,4799.037109375,-0.010986328125,0,4800.92333984375,-0.010986328125,0,3675.08837890625,-0.0146484375,0,3677.20068359375,-0.0146484375
2026-04-27T20:53:11.600Z,4,0.08,WebPort,true,false,webtest,webtest,car_1,car_1,0,0,0,0.002926012733951211,0.49410414695739746,0.043034628033638,-0.0007155013592493139,-0.04556416978301893,0.9989611576481786,-0.9999997379384876,-0.00007765065478426766,-0.0007197870045869541,-0.00011036648528004177,0.9989614108674869,0.04556410228325466,0.000001727783342175826,-0.14618058502674103,0.0027898529078811407,0.003179753664880991,-4.193738689650672e-8,0.00011151296348543838,0,0,0,0,0.0000011898064720778483,16,0.016,0.14620720475063162,0.002789853442897697,-0.0007162453028517236,-0.04103783294947323,0.04557995044372969,2.611538790841155,-0.00007773138560021444,-0.004453680330596269,-4.193738689650672e-8,-0.00004701649733625751,0.9997402545729258,0.022787987092007776,0.00035891531757151326,0.005686205005002727,2.1413563639890163,-3.934202538694028,-0.0006418291719991602,-0.3194515254999195,0.9476024012797184,1.7453292519943295,0,web_chase,1,tarmac,1.6,0,4799.037109375,0,-0.030035316944122314,0.9987685433587529,-0.010986328125,2.430934730686097,4799.037109375,1,tarmac,1.6,0,4800.92333984375,0,-0.030143320560455322,0.9987685433587529,-0.010986328125,4.413587855755296,4800.92333984375,1,tarmac,1.6,0,3675.08837890625,0,0.0776619017124176,0.9990362513242413,-0.0146484375,2.827052894748597,3675.08837890625,1,tarmac,1.6,0,3677.20068359375,0,0.07755273580551147,0.9990362513242413,-0.0146484375,4.066541957317796,3677.20068359375,0,1000.0000000000006,0.25,0.0000011898064720778483,0,1,6.654478163744315e-53,0.01008182968696489,0.009512667355083689,0.00000798141219264808,0.9987685433587529,0.9990362513242413,-6.078724967686358e-15,1.9088751720282e-9,0.00002714727117342465,84.33,0.08559043993604634,0.012433537835167378,0.00001596282438529616,0.0009146024663082988,tarmac,1.6,4,0,16952.24951171875,100,0,16.00000000001549,0,4799.037109375,-0.010986328125,0,4800.92333984375,-0.010986328125,0,3675.08837890625,-0.0146484375,0,3677.20068359375,-0.0146484375
2026-04-27T20:53:11.617Z,5,0.097,WebPort,true,false,webtest,webtest,car_1,car_1,0,0,0,0.0029238639399409294,0.49390578269958496,0.04316547513008118,-0.0007153105298564808,-0.04563573488562045,0.9989578910205852,-0.999999737602045,-0.00008180868814181102,-0.0007197938453934525,-0.00011457175567398116,0.9989581437721943,0.04563566439228088,0.000002366233275097329,-0.14268819987773895,0.002787994686514139,0.001761405379511416,-1.9713013443833916e-8,0.00012742973922286183,0,0,0,0,0.000001120517537231915,18,0.018,0.1427154347094969,0.0027879956906514372,-0.0007160566166310268,-0.04102702202537503,0.045651590067233676,2.61564343891384,-0.0000818940097429949,-0.004692181125676852,-1.9713013443833916e-8,-0.00004910790662781203,0.9997394376029717,0.022823796842689953,0.00035886960173613227,0.005679986800777307,2.141265596576599,-3.9340733227728877,-0.0006408264099105908,-0.3194771714519097,0.947593755922125,1.7453292519943295,0,web_chase,1,tarmac,1.6,0,4802.8505859375,0,-0.030390113592147827,0.9985373507195342,-0.010986328125,2.430568519748597,4802.8505859375,1,tarmac,1.6,0,4804.84765625,0,-0.03050363063812256,0.9985373507195342,-0.010986328125,4.413221644817796,4804.84765625,1,tarmac,1.6,0,3676.96533203125,0,0.07752496004104614,0.9988553179544181,-0.010986328125,2.826686683811097,3676.96533203125,1,tarmac,1.6,0,3679.199951171875,0,0.07741016149520874,0.9988553179544181,-0.010986328125,4.066175746380296,3679.199951171875,0,1000.0000000000006,0.25,0.000001120517537231915,0,1,3.9038244575726604e-53,0.010075111627769865,0.009375014534795938,0.000007388853056423478,0.9985373507195342,0.9988553179544181,-5.487203389544113e-15,1.6359578439967493e-9,0.000026367285636835372,84.33,0.08559043993604634,0.012158232194591875,0.000014777706112846956,0.0008467001910891737,tarmac,1.6,4,0,16963.863525390625,100,2,0.6666666666821572,0,4802.8505859375,-0.010986328125,0,4804.84765625,-0.010986328125,0,3676.96533203125,-0.010986328125,0,3679.199951171875,-0.010986328125
2026-04-27T20:53:11.634Z,6,0.114,WebPort,true,false,webtest,webtest,car_1,car_1,0,0,0,0.0029227465856820345,0.49385058879852295,0.04322141408920288,-0.0007152098946365981,-0.04565355255181056,0.9989570769628722,-0.9999997374204843,-0.00008399013506130649,-0.0007197948455083719,-0.0001167637316204984,0.9989573294616023,0.0456534804935472,0.0000024845885491231456,-0.1408533751964569,0.0027870656922459602,0.0010545103577896953,-8.53777670783984e-9,0.00012971021351404488,0,0,0,0,0.000001087401239269486,17,0.017,0.14088094635393367,0.002787066799715197,-0.0007159564599182056,-0.04102128346844047,0.045669426323438685,2.6166653811167007,-0.00008407780030871077,-0.0048173031084328575,-8.53777670783984e-9,-0.000050201557530748005,0.9997392339811616,0.022832712256813933,0.0003588447595555729,0.0056767339233443105,2.1412529796134825,-3.934015927055798,-0.0006403013460699124,-0.3194875298668045,0.9475902639188492,1.7453292519943295,0,web_chase,1,tarmac,1.6,0,4803.63330078125,0,-0.030505448579788208,0.9985546766960282,-0.010986328125,2.430385414279847,4803.63330078125,1,tarmac,1.6,0,4805.68505859375,0,-0.030621975660324097,0.9985546766960282,-0.010986328125,4.413038539349046,4805.68505859375,1,tarmac,1.6,0,3677.44921875,0,0.07747748494148254,0.9988688774142829,-0.010986328125,2.826503578342347,3677.44921875,1,tarmac,1.6,0,3679.74560546875,0,0.07735961675643921,0.9988688774142829,-0.010986328125,4.065992640911546,3679.74560546875,0,1000.0000000000006,0.25,0.000001087401239269486,0,1,2.9900497800559036e-53,0.01007175452414268,0.0092967684605521,0.000007300120374769261,0.9985546766960282,0.9988688774142829,-5.503265499088054e-15,1.5969013635848113e-9,0.00002592898713026213,84.33,0.08559043993604634,0.0120017400461042,0.000014600240749538522,0.0008365321747640386,tarmac,1.6,4,0,16966.51318359375,100,1,1.000000000015492,0,4803.63330078125,-0.010986328125,0,4805.68505859375,-0.010986328125,0,3677.44921875,-0.010986328125,0,3679.74560546875,-0.010986328125
2026-04-27T20:53:11.650Z,7,0.131,WebPort,true,false,webtest,webtest,car_1,car_1,0,0,0,0.002921641804277897,0.49382519721984863,0.04327110946178436,-0.00071511041239224,-0.045659669717772675,0.9989567974534044,-0.9999997372361477,-0.00008615591307854955,-0.0007197949669650374,-0.00011893163546676045,0.9989570496965435,0.045659596109071436,0.0000024692085389688145,-0.1390094757080078,0.0027861371636390686,0.00036286163958720863,2.689325429017231e-9,0.00012828373291995376,0,0,0,0,0.0000010552636758241852,16,0.016,0.13903739390180908,0.0027861382578044406,-0.0007158570741619011,-0.04101558908406051,0.045675549875082065,2.617016234781497,-0.00008624586301393255,-0.004941523951161781,2.689325429017231e-9,-0.00005128526417792731,0.9997391640305605,0.022835772847659648,0.0003588199379856981,0.005673488311328969,2.141254665199885,-3.93396396916793,-0.0006397761343485243,-0.319494245667254,0.9475879999620143,1.7453292519943295,0,web_chase,1,tarmac,1.6,0,4803.6767578125,0,-0.030578255653381348,0.9985732762037166,-0.010986328125,2.430202308811097,4803.6767578125,1,tarmac,1.6,0,4805.783203125,0,-0.030697911977767944,0.9985732762037166,-0.010986328125,4.412855433880296,4805.783203125,1,tarmac,1.6,0,3677.62158203125,0,0.07744526863098145,0.9988834335507347,-0.010986328125,2.826320472873597,3677.62158203125,1,tarmac,1.6,0,3679.9775390625,0,0.07732433080673218,0.9988834335507347,-0.010986328125,4.065809535442796,3679.9775390625,0,1000.0000000000006,0.25,0.0000010552636758241852,0,1,2.2901638596658017e-53,0.010068398567626634,0.009214614186858549,0.000007339590590498342,0.9985732762037166,0.9988834335507347,-5.713503182915351e-15,1.614216265832481e-9,0.000025472750544673462,84.33,0.08559043993604634,0.011837431498717098,0.000014679181180996683,0.0008410551283185636,tarmac,1.6,4,0,16967.05908203125,100,1,0.33333333334882587,0,4803.6767578125,-0.010986328125,0,4805.783203125,-0.010986328125,0,3677.62158203125,-0.010986328125,0,3679.9775390625,-0.010986328125
2026-04-27T20:53:11.667Z,8,0.147,WebPort,true,false,webtest,webtest,car_1,car_1,0,0,0,0.002921641804277897,0.49382519721984863,0.04327110946178436,-0.00071511041239224,-0.045659669717772675,0.9989567974534044,-0.9999997372361477,-0.00008615591307854955,-0.0007197949669650374,-0.00011893163546676045,0.9989570496965435,0.045659596109071436,0.0000024692085389688145,-0.1390094757080078,0.0027861371636390686,0.00036286163958720863,2.689325429017231e-9,0.00012828373291995376,0,0,0,0,0.0000010552636758241852,16,0.016,0.13903739390180908,0.0027861382578044406,-0.0007158570741619011,-0.04101558908406051,0.045675549875082065,2.617016234781497,-0.00008624586301393255,-0.004941523951161781,2.689325429017231e-9,-0.00005128526417792731,0.9997391640305605,0.022835772847659648,0.0003588199379856981,0.005673497108608365,2.1412740968297004,-3.933961059604462,-0.0006397775672986666,-0.31949918625610835,0.9475863341492157,1.7453292519943295,0,web_chase,1,tarmac,1.6,0,4803.6767578125,0,-0.030578255653381348,0.9985732762037166,-0.010986328125,2.430202308811097,4803.6767578125,1,tarmac,1.6,0,4805.783203125,0,-0.030697911977767944,0.9985732762037166,-0.010986328125,4.412855433880296,4805.783203125,1,tarmac,1.6,0,3677.62158203125,0,0.07744526863098145,0.9988834335507347,-0.010986328125,2.826320472873597,3677.62158203125,1,tarmac,1.6,0,3679.9775390625,0,0.07732433080673218,0.9988834335507347,-0.010986328125,4.065809535442796,3679.9775390625,0,1000.0000000000006,0.25,0.0000010552636758241852,0,1,2.2901638596658017e-53,0.010068398567626634,0.009214614186858549,0.000007339590590498342,0.9985732762037166,0.9988834335507347,-5.713503182915351e-15,1.614216265832481e-9,0.000025472750544673462,84.33,0.08559043993604634,0.011837431498717098,0.000014679181180996683,0.0008410551283185636,tarmac,1.6,4,0,16967.05908203125,100,0,16.333333333348826,0,4803.6767578125,-0.010986328125,0,4805.783203125,-0.010986328125,0,3677.62158203125,-0.010986328125,0,3679.9775390625,-0.010986328125
2026-04-27T20:53:11.684Z,9,0.164,WebPort,true,false,webtest,webtest,car_1,car_1,0,0,0,0.0029195824172347784,0.4938613772392273,0.04335302114486694,-0.0007149260535260413,-0.045638690898327734,0.9989577562508962,-0.9999997368804318,-0.00009020622684386208,-0.0007197929592314461,-0.00012296261834496034,0.9989580080043022,0.045638614399113306,0.000002065938588202698,-0.1354384422302246,0.0027842808049172163,-0.0009381124982610345,2.3022632689162492e-8,0.00011522782006068155,0,0,0,0,9.938099034709636e-7,17,0.017,0.13546705820094648,0.0027842815713811546,-0.0007156718359650673,-0.04100497571717732,0.04565454916308329,2.6158129826171974,-0.0000903003188080841,-0.005173827156389027,2.3022632689162492e-8,-0.000053306102671036225,0.9997394036867344,0.02282527450674599,0.00035877324817514445,0.0056673908080981765,2.1413053835482714,-3.933874566845877,-0.0006387882760804077,-0.3194984534154311,0.9475865819093716,1.7453292519943295,0,web_chase,1,tarmac,1.6,0,4801.66259765625,0,-0.030597835779190063,0.9983521808225752,-0.00732421875,2.429958168186097,4801.66259765625,1,tarmac,1.6,0,4803.86767578125,0,-0.030723541975021362,0.9983521808225752,-0.00732421875,4.412611293255296,4803.86767578125,1,tarmac,1.6,0,3677.0498046875,0,0.07742801308631897,0.9987104023828849,-0.00732421875,2.826076332248597,3677.0498046875,1,tarmac,1.6,0,3679.51806640625,0,0.07730087637901306,0.9987104023828849,-0.00732421875,4.065565394817796,3679.51806640625,0,1000.0000000000006,0.25,9.938099034709636e-7,0,1,1.3435159703314455e-53,0.010061690061773619,0.009045782136841183,0.000007777534051274981,0.9983521808225752,0.9987104023828849,-6.7408744620483714e-15,1.8125996466568394e-9,0.00002454787048716929,84.33,0.08559043993604634,0.013697033023682366,0.000015555068102549962,0.000891239752242801,tarmac,1.6,4,0,16962.09814453125,100,2,1.549455008742484e-11,0,4801.66259765625,-0.00732421875,0,4803.86767578125,-0.00732421875,0,3677.0498046875,-0.00732421875,0,3679.51806640625,-0.00732421875
2026-04-27T20:53:11.700Z,10,0.181,WebPort,true,false,webtest,webtest,car_1,car_1,0,0,0,0.0029186769388616085,0.4939205050468445,0.043385833501815796,-0.0007148448443209679,-0.04561284691670758,0.9989589366900932,-0.9999997367199857,-0.0000919910326461825,-0.0007197899759411984,-0.0001247269341420407,0.9989591882223232,0.045612769148441194,0.0000017062894812625018,-0.1337786763906479,0.002783352741971612,-0.0015312301693484187,3.144854687775478e-8,0.00010440599726280198,0,0,0,0,9.644383820196706e-7,17,0.017,0.1338076280046521,0.0027833532649781784,-0.0007155896964823827,-0.0410002694714881,0.04562867823954347,2.6143306878862598,-0.00009208687749281874,-0.005276189428876765,3.144854687775478e-8,-0.00005419359835434701,0.9997396988256997,0.02281234209572326,0.00035875208865550145,0.005664673769451246,2.141352985241275,-3.9338365769076464,-0.0006383466321369001,-0.31949618167010857,0.9475873481699713,1.7453292519943295,0,web_chase,1,tarmac,1.6,0,4799.6875,0,-0.030547022819519043,0.9983720681747178,-0.00732421875,2.429836097873597,4799.6875,1,tarmac,1.6,0,4801.9345703125,0,-0.030675560235977173,0.9983720681747178,-0.00732421875,4.412489222942796,4801.9345703125,1,tarmac,1.6,0,3676.3330078125,0,0.07744273543357849,0.9987259663976052,-0.00732421875,2.825954261936097,3676.3330078125,1,tarmac,1.6,0,3678.849365234375,0,0.07731276750564575,0.9987259663976052,-0.00732421875,4.065443324505296,3678.849365234375,0,1000.0000000000006,0.25,9.644383820196706e-7,0,1,1.0290369547223327e-53,0.01005833740220606,0.00896261062935546,0.000008147347078682447,0.9983720681747178,0.9987259663976052,-7.55889090533819e-15,1.989071908876792e-9,0.000024098536701809963,84.33,0.08559043993604634,0.013530690008710919,0.000016294694157364893,0.0009336172035908593,tarmac,1.6,4,0,16956.804443359375,100,1,0.3333333333488293,0,4799.6875,-0.00732421875,0,4801.9345703125,-0.00732421875,0,3676.3330078125,-0.00732421875,0,3678.849365234375,-0.00732421875
2026-04-27T20:53:11.717Z,11,0.198,WebPort,true,false,webtest,webtest,car_1,car_1,0,0,0,0.002917883452028036,0.4940044581890106,0.04341353476047516,-0.0007147736757718761,-0.04557772704006314,0.9989605397093793,-0.999999736577249,-0.00009356069638297931,-0.0007197859602891166,-0.00012626965177965331,0.9989607910445022,0.04557764815912999,0.000001262646719624172,-0.13224314153194427,0.0027824249118566513,-0.0020767448004335165,3.8365143950613856e-8,0.0000912941904971376,0,0,0,0,9.359349202137392e-7,17,0.017,0.13227240971654763,0.0027824251983471597,-0.0007155173056186093,-0.040996121780518584,0.04559352179999252,2.612316372277284,-0.00009365802636917036,-0.005366209628478435,3.8365143950613856e-8,-0.000054971874250439647,0.9997400996422932,0.02279476816819903,0.0003587331438876656,0.005662271063016125,2.141413474377627,-3.9338028870672823,-0.0006379553891572016,-0.31949112079314607,0.9475890547844361,1.7453292519943295,0,web_chase,1,tarmac,1.6,0,4797.14208984375,0,-0.030458837747573853,0.9983915684306414,-0.00732421875,2.429714027561097,4797.14208984375,1,tarmac,1.6,0,4799.4248046875,0,-0.03058987855911255,0.9983915684306414,-0.00732421875,4.412367152630296,4799.4248046875,1,tarmac,1.6,0,3675.36279296875,0,0.07747197151184082,0.9987412274674584,-0.00732421875,2.825832191623597,3675.36279296875,1,tarmac,1.6,0,3677.919921875,0,0.07733947038650513,0.9987412274674584,-0.00732421875,4.065321254192796,3677.919921875,0,1000.0000000000006,0.25,9.359349202137392e-7,0,1,7.881685648462945e-54,0.01005498568481004,0.008882480162747564,0.000008596720152004977,0.9983915684306414,0.9987412274674584,-8.577371061611867e-15,2.2145405008138463e-9,0.00002366955832356041,84.33,0.08559043993604634,0.013370429075495127,0.000017193440304009954,0.0009851115646328265,tarmac,1.6,4,0,16949.849609375,100,1,0.6666666666821641,0,4797.14208984375,-0.00732421875,0,4799.4248046875,-0.00732421875,0,3675.36279296875,-0.00732421875,0,3677.919921875,-0.00732421875
2026-04-27T20:53:11.734Z,12,0.214,WebPort,true,false,webtest,webtest,car_1,car_1,0,0,0,0.002917214296758175,0.4941107928752899,0.04343689978122711,-0.0007147144116656207,-0.04553430295793399,0.998962520036385,-0.9999997364557345,-0.00009488454725866625,-0.0007197814838953611,-0.00012756085459323136,0.998962771203741,0.04553422314227619,7.542462867604627e-7,-0.13085809350013733,0.0027814973145723343,-0.0025689529720693827,4.361918470863202e-8,0.00007640628609806299,0,0,0,0,9.082738630135026e-7,16,0.016,0.13088765168025032,0.0027814974168351423,-0.0007154565615641933,-0.04099264140257003,0.04555005258750646,2.609825769863075,-0.0000949830661446859,-0.005442128815302438,4.361918470863202e-8,-0.00005562578007866538,0.9997405948164579,0.022773038969406214,0.0003587170269464602,0.005660232084207335,2.141484528635908,-3.9337730422906954,-0.000637623516077923,-0.319483270361304,0.9475917018397204,1.7453292519943295,0,web_chase,1,tarmac,1.6,0,4794.0908203125,0,-0.030335932970046997,0.9984103015300402,-0.00732421875,2.429591957248597,4794.0908203125,1,tarmac,1.6,0,4796.40283203125,0,-0.030469238758087158,0.9984103015300402,-0.00732421875,4.412245082317796,4796.40283203125,1,tarmac,1.6,0,3674.1650390625,0,0.0775148868560791,0.9987558881539446,-0.00732421875,2.825710121311097,3674.1650390625,1,tarmac,1.6,0,3676.756103515625,0,0.07738012075424194,0.9987558881539446,-0.00732421875,4.065199183880296,3676.756103515625,0,1000.0000000000006,0.25,9.082738630135026e-7,0,1,6.036806392239722e-54,0.010051634902666542,0.008806873596805898,0.000009107363639474199,0.9984103015300402,0.9987558881539446,-9.783345921100484e-15,2.4854406858929035e-9,0.000023268331648256795,84.33,0.08559043993604634,0.013219215943611796,0.000018214727278948398,0.0010436269979501366,tarmac,1.6,4,0,16941.414794921875,100,1,1.5498019534376795e-11,0,4794.0908203125,-0.00732421875,0,4796.40283203125,-0.00732421875,0,3674.1650390625,-0.00732421875,0,3676.756103515625,-0.00732421875
2026-04-27T20:53:11.751Z,13,0.23,WebPort,true,false,webtest,webtest,car_1,car_1,0,0,0,0.0029166792519390583,0.4942367374897003,0.04345637559890747,-0.0007146675221417308,-0.04548355781622949,0.9989648318227777,-0.9999997363590112,-0.0000959390989338313,-0.0007197760745663895,-0.0001285777625339427,0.9989650828552854,0.04548347726034122,1.9805351314516884e-7,-0.12964588403701782,0.0027805701829493046,-0.003002855693921447,4.738308589935514e-8,0.000060175279941176996,0,0,0,0,8.81430313600303e-7,17,0.017,0.129675698642118,0.002780570190002749,-0.0007154079677793846,-0.04098985718378992,0.04549925481584616,2.6069152719382704,-0.0000960384905192609,-0.00550260017756082,4.738308589935514e-8,-0.00005614374689103856,0.9997411728838962,0.022747646476878432,0.0003587037414319605,0.0056585853317151855,2.1415664182461525,-3.933746165540373,-0.000637355515073741,-0.3194733979223565,0.9475950304839569,1.7453292519943295,0,web_chase,1,tarmac,1.6,0,4790.60693359375,0,-0.030181884765625,0.9984279266101669,-0.00732421875,2.429469886936097,4790.60693359375,1,tarmac,1.6,0,4792.94091796875,0,-0.030317038297653198,0.9984279266101669,-0.00732421875,4.412123012005296,4792.94091796875,1,tarmac,1.6,0,3672.778076171875,0,0.07756990194320679,0.9987696816949132,-0.003662109375,2.825649086154847,3672.778076171875,1,tarmac,1.6,0,3675.394287109375,0,0.0774332582950592,0.9987696816949132,-0.003662109375,4.065138148724046,3675.394287109375,0,1000.0000000000006,0.25,8.81430313600303e-7,0,1,4.62376108903726e-54,0.010048285063761734,0.00873714310170183,0.00000966009460437573,0.9984279266101669,0.9987696816949132,-1.1152003259509449e-14,2.796280972936533e-9,0.000022901328869113098,84.33,0.08559043993604634,0.01307975495340366,0.00001932018920875146,0.001106965300917924,tarmac,1.6,4,0,16931.72021484375,100,1,0.3333333333488328,0,4790.60693359375,-0.00732421875,0,4792.94091796875,-0.00732421875,0,3672.778076171875,-0.003662109375,0,3675.394287109375,-0.003662109375
2026-04-27T20:53:11.767Z,14,0.247,WebPort,true,false,webtest,webtest,car_1,car_1,0,0,0,0.0029162883292883635,0.4943791627883911,0.043472498655319214,-0.0007146331687838765,-0.04542651299716821,0.9989674275051976,-0.9999997362896408,-0.00009670940797629375,-0.0007197693655555644,-0.00012930616094100218,0.9989676784382008,0.045426431905975465,-3.875465210967377e-7,-0.12862491607666016,0.0027796432841569185,-0.0033746359404176474,4.9604143015358204e-8,0.000043100470065837726,0,0,0,0,8.55380110967675e-7,17,0.017,0.1286549472529728,0.0027796433111733896,-0.0007153717200394411,-0.04098778034127427,0.04544215097342891,2.603643462773782,-0.00009680934604948253,-0.005546766946056838,4.9604143015358204e-8,-0.000056518484061261326,0.9997418219511774,0.022719101799159428,0.0003586932403057682,0.00565736111193969,2.1416561809794197,-3.9337220557490316,-0.0006371562548511536,-0.319461512609942,0.9475990375643462,1.7453292519943295,0,web_chase,1,tarmac,1.6,0,4786.767578125,0,-0.03000044822692871,0.9984441343073724,-0.00732421875,2.429347816623597,4786.767578125,1,tarmac,1.6,0,4789.1171875,0,-0.03013715147972107,0.9984441343073724,-0.00732421875,4.412000941692796,4789.1171875,1,tarmac,1.6,0,3671.234130859375,0,0.07763564586639404,0.9987823659796828,-0.003662109375,2.825588050998597,3671.234130859375,1,tarmac,1.6,0,3673.868896484375,0,0.0774974524974823,0.9987823659796828,-0.003662109375,4.065077113567796,3673.868896484375,0,1000.0000000000006,0.25,8.55380110967675e-7,0,1,3.541469647921427e-54,0.01004493626038194,0.008674447745872853,0.000010238667942721731,0.9984441343073724,0.9987823659796828,-1.265298306153485e-14,3.1412678174230036e-9,0.00002257384455785996,84.33,0.08559043993604634,0.012954364241745706,0.000020477335885443462,0.0011732649217437053,tarmac,1.6,4,0,16920.98779296875,100,1,0.6666666666821676,0,4786.767578125,-0.00732421875,0,4789.1171875,-0.00732421875,0,3671.234130859375,-0.003662109375,0,3673.868896484375,-0.003662109375
2026-04-27T20:53:11.783Z,15,0.263,WebPort,true,false,webtest,webtest,car_1,car_1,0,0,0,0.0029160412959754467,0.4945347309112549,0.043485939502716064,-0.0007146128647372924,-0.04536429068673666,0.9989702550421323,-0.999999736247797,-0.00009718979471066642,-0.0007197627944640742,-0.0001297412426431732,0.9989705059132793,0.04536420926872748,-9.81679477263242e-7,-0.12780891358852386,0.002778716618195176,-0.0036812254693359137,5.004635994509954e-8,0.000025747063773451373,0,0,0,0,8.300998081748074e-7,16,0.016,0.12783911631299197,0.00277871679160159,-0.0007153493702493933,-0.04098649979263153,0.04537986445164785,2.600074707955178,-0.00009728995383619346,-0.005574303743836498,5.004635994509954e-8,-0.00005674737014032809,0.9997425290047446,0.022687966482176535,0.0003586862661102618,0.0056565726415538226,2.1417509954937897,-3.9337002555767153,-0.0006370289131636737,-0.3194477177581801,0.9476036881593772,1.7453292519943295,0,web_chase,1,tarmac,1.6,0,4782.65869140625,0,-0.02979603409767151,0.9984586593224801,-0.003662109375,2.429286781467347,4782.65869140625,1,tarmac,1.6,0,4785.01513671875,0,-0.029933810234069824,0.9984586593224801,-0.003662109375,4.411939906536546,4785.01513671875,1,tarmac,1.6,0,3669.5810546875,0,0.07771000266075134,0.9987937333828105,-0.003662109375,2.825527015842347,3669.5810546875,1,tarmac,1.6,0,3672.224853515625,0,0.07757070660591125,0.9987937333828105,-0.003662109375,4.065016078411546,3672.224853515625,0,1000.0000000000006,0.25,8.300998081748074e-7,0,1,2.7125119628012957e-54,0.010041588511559401,0.008619754799826008,0.000010826083820562566,0.9984586593224801,0.9987937333828105,-1.4242192200849875e-14,3.5120510401542876e-9,0.000022290087003964314,84.33,0.08559043993604634,0.015042243974652016,0.000021652167641125132,0.0012405778229523338,tarmac,1.6,4,0,16909.479736328125,100,1,1.5501488981328748e-11,0,4782.65869140625,-0.003662109375,0,4785.01513671875,-0.003662109375,0,3669.5810546875,-0.003662109375,0,3672.224853515625,-0.003662109375
2026-04-27T20:53:11.800Z,16,0.28,WebPort,true,false,webtest,webtest,car_1,car_1,0,0,0,0.0029159383848309517,0.49470001459121704,0.04349721968173981,-0.0007146056568778239,-0.04529804927992216,0.9989732609385442,-0.999999736233881,-0.00009738457346315717,-0.0007197558009924899,-0.00012988811866046707,0.9989735117848115,0.04529796774026443,-0.0000015633164593964466,-0.12720732390880585,0.002777790417894721,-0.003920708317309618,4.885123061626473e-8,0.000008694976713741198,0,0,0,0,8.055666512427153e-7,17,0.017,0.12723764921629743,0.0027777908578051876,-0.0007153400025100175,-0.04098596306070172,0.04531355487951838,2.596275449330841,-0.00009748463998877739,-0.005585458438709197,4.885123061626473e-8,-0.0000568327630999276,0.9997432806672467,0.022654820185368282,0.00035868244518557686,0.005656206501542058,2.1418487125415755,-3.9336749376793283,-0.0006369708880771513,-0.31943275121740017,0.9476087334537238,1.7453292519943295,0,web_chase,1,tarmac,1.6,0,4778.361328125,0,-0.029573053121566772,0.9982108568844429,-0.003662109375,2.429225746311097,4778.361328125,1,tarmac,1.6,0,4780.71728515625,0,-0.029711484909057617,0.9982108568844429,-0.003662109375,4.411878871380296,4780.71728515625,1,tarmac,1.6,0,3667.85693359375,0,0.07779112458229065,0.9985998010399988,-0.003662109375,2.825465980686097,3667.85693359375,1,tarmac,1.6,0,3670.501708984375,0,0.07765117287635803,0.9985998010399988,-0.003662109375,4.064955043255296,3670.501708984375,0,1000.0000000000006,0.25,8.055666512427153e-7,0,1,2.0775897804626283e-54,0.010038241838208159,0.008573816658674833,0.000011403384454069135,0.9982108568844429,0.9985998010399988,-1.5858359846193353e-14,3.8965978002865834e-9,0.000022053138640124128,84.33,0.08559043993604634,0.014950367692349666,0.00002280676890813827,0.0013067316025399468,tarmac,1.6,4,0,16897.437255859375,100,1,0.3333333333488363,0,4778.361328125,-0.003662109375,0,4780.71728515625,-0.003662109375,0,3667.85693359375,-0.003662109375,0,3670.501708984375,-0.003662109375
2026-04-27T20:53:11.818Z,17,0.298,WebPort,true,false,webtest,webtest,car_1,car_1,0,0,0,0.002915971679612994,0.49487143754959106,0.043506965041160583,-0.0007146105341993982,-0.045228905568822454,0.9989763938316215,-0.9999997362474592,-0.00009730286907384098,-0.0007197479864746038,-0.000129756682970466,0.9989766446885524,0.04522882410592844,-0.0000021222354007477406,-0.12682494521141052,0.0027768644504249096,-0.00409208657220006,4.666454600510406e-8,-0.000007777005521347746,0,0,0,0,7.817585586741219e-7,17,0.017,0.12685534166347587,0.0027768652613903923,-0.0007153426414473514,-0.04098611426067335,0.04524434022917306,2.5923097419855803,-0.00009740254617910948,-0.0055807548098910755,4.666454600510406e-8,-0.0000567794199033314,0.9997440640943602,0.022620221745625963,0.00035868142962502774,0.005656254624457121,2.1419480740829067,-3.933651131048917,-0.0006369811503478413,-0.3194167084678815,0.9476141412022927,1.7453292519943295,0,web_chase,1,tarmac,1.6,0,4773.96142578125,0,-0.029336243867874146,0.998221410428877,-0.003662109375,2.429164711154847,4773.96142578125,1,tarmac,1.6,0,4776.31201171875,0,-0.029475003480911255,0.998221410428877,-0.003662109375,4.411817836224046,4776.31201171875,1,tarmac,1.6,0,3666.10400390625,0,0.07787695527076721,0.9986080603356429,-0.003662109375,2.825404945529847,3666.10400390625,1,tarmac,1.6,0,3668.743408203125,0,0.07773667573928833,0.9986080603356429,-0.003662109375,4.064894008099046,3668.743408203125,0,1000.0000000000006,0.25,7.817585586741219e-7,0,1,1.5912848883531162e-54,0.010034896330837515,0.008537183096311025,0.000011952016260074186,0.998221410428877,0.9986080603356429,-1.7430424460302068e-14,4.280558127070709e-9,0.000021865091421189414,84.33,0.08559043993604634,0.01487710056762205,0.000023904032520148372,0.0013696001764871063,tarmac,1.6,4,0,16885.120849609375,100,1,0.666666666682171,0,4773.96142578125,-0.003662109375,0,4776.31201171875,-0.003662109375,0,3666.10400390625,-0.003662109375,0,3668.743408203125,-0.003662109375
