timestamp_utc,sample_index,race_time_seconds,game_state,is_racing,is_paused,level_id,level_name,car_id,car_name,player_steer,player_throttle,player_brake,position_x,position_y,position_z,forward_x,forward_y,forward_z,right_x,right_y,right_z,up_x,up_y,up_z,velocity_x,velocity_y,velocity_z,angular_velocity_x,angular_velocity_y,angular_velocity_z,vehicle_applied_throttle,vehicle_applied_brake,vehicle_applied_handbrake,vehicle_control_candidate_1dfc,vehicle_applied_steer,vehicle_frame_delta_ms,vehicle_frame_delta_seconds,speed_magnitude,planar_speed_magnitude,yaw_radians,yaw_degrees,pitch_radians,pitch_degrees,roll_radians,roll_degrees,yaw_rate,quat_x,quat_y,quat_z,quat_w,camera_position_x,camera_position_y,camera_position_z,camera_forward_x,camera_forward_y,camera_forward_z,camera_fov,camera_mode_index,camera_family,wheel_0_contact_flag,wheel_0_contact_ptr,wheel_0_contact_surface_44_candidate,wheel_0_contact_surface_48_candidate,wheel_0_contact_surface_4c_candidate,wheel_0_contact_surface_50_candidate,wheel_0_suspension_length_candidate,wheel_0_tire_force_multiplier_candidate,wheel_0_load_or_spin_candidate,wheel_0_rotation_or_phase_candidate,wheel_0_vertical_load_candidate,wheel_1_contact_flag,wheel_1_contact_ptr,wheel_1_contact_surface_44_candidate,wheel_1_contact_surface_48_candidate,wheel_1_contact_surface_4c_candidate,wheel_1_contact_surface_50_candidate,wheel_1_suspension_length_candidate,wheel_1_tire_force_multiplier_candidate,wheel_1_load_or_spin_candidate,wheel_1_rotation_or_phase_candidate,wheel_1_vertical_load_candidate,wheel_2_contact_flag,wheel_2_contact_ptr,wheel_2_contact_surface_44_candidate,wheel_2_contact_surface_48_candidate,wheel_2_contact_surface_4c_candidate,wheel_2_contact_surface_50_candidate,wheel_2_suspension_length_candidate,wheel_2_tire_force_multiplier_candidate,wheel_2_load_or_spin_candidate,wheel_2_rotation_or_phase_candidate,wheel_2_vertical_load_candidate,wheel_3_contact_flag,wheel_3_contact_ptr,wheel_3_contact_surface_44_candidate,wheel_3_contact_surface_48_candidate,wheel_3_contact_surface_4c_candidate,wheel_3_contact_surface_50_candidate,wheel_3_suspension_length_candidate,wheel_3_tire_force_multiplier_candidate,wheel_3_load_or_spin_candidate,wheel_3_rotation_or_phase_candidate,wheel_3_vertical_load_candidate,web_gear,web_engine_rpm,web_clutch,web_steer_state,web_steer_raw,web_steer_limit,web_steer_target,web_steer_speed_kph,web_speed_forward,web_speed_right,web_front_grip_scale,web_rear_grip_scale,web_inertia_roll_torque,web_inertia_pitch_torque,web_aero_drag_force,web_rolling_resistance_drag,web_brake_distance_scale,web_slip_long_avg,web_slip_lat_avg,web_slip_angle_deg,web_surface_type,web_surface_grip,web_wheel_contacts,web_forward_impulse,web_suspension_force,web_camera_fov_degrees,web_sim_steps,web_sim_backlog_ms,web_wheel_0_forward_impulse,web_wheel_0_suspension_force,web_wheel_0_angular_velocity,web_wheel_1_forward_impulse,web_wheel_1_suspension_force,web_wheel_1_angular_velocity,web_wheel_2_forward_impulse,web_wheel_2_suspension_force,web_wheel_2_angular_velocity,web_wheel_3_forward_impulse,web_wheel_3_suspension_force,web_wheel_3_angular_velocity,web_input_throttle_raw,web_input_brake_raw,web_input_steer_raw,web_input_handbrake_raw,web_input_reset_raw,web_input_version_raw
2026-04-28T08:47:12.208Z,0,0.013,WebPort,true,false,webtest,webtest,car_1,car_1,0,0,0,0.0008504936122335494,0.49386897683143616,0.09419421851634979,-0.00019105456887242304,-0.04563657047874815,0.9989580906790285,-0.9999999773196486,-0.00008530434881838387,-0.00019515089199960244,-0.000094121486858961,0.9989581053067773,0.04563655314590909,-0.0000010896011417571572,-0.14120645821094513,0.01585174910724163,0.0012575773289427161,-7.79136399842173e-9,0.00005794859316665679,0,0,0,0,-1.874120776741754e-224,17,0.017,0.14209342627801458,0.015851749144689568,-0.00019125383569704074,-0.01095803760112892,0.0456524265318504,2.61569136480609,-0.00008539331945741624,-0.004892676803522324,-7.79136399842173e-9,-0.00004486814762233027,0.9997394877298603,0.022824226897327514,0.00009657652458766887,0.0015167505473173766,2.14182047153679,-3.882823132934463,-0.00014288420701641906,-0.3196385179923384,0.9475395492536263,1.7453292519943295,0,web_chase,1,tarmac,1.6,0,4803.08984375,0,-0.030457615852355957,0.9996404217375213,-0.05401611328125,5.381937058566464,4803.08984375,1,tarmac,1.6,0,4805.15478515625,0,-0.030577778816223145,0.9996404217375213,-0.05401611328125,4.775273004956887,4805.15478515625,1,tarmac,1.6,0,3677.49072265625,0,0.07747873663902283,0.9997185909250167,-0.054931640625,5.450906785128964,3677.49072265625,1,tarmac,1.6,0,3679.805908203125,0,0.07735729217529297,0.9997185909250167,-0.054931640625,4.697865168042824,3679.805908203125,-1,1000.0000000000009,1,-1.874120776741754e-224,0,1,-1e-323,0.057284198878166444,0.022364615675278685,0.000010160358780824167,0.9996404217375213,0.9997185909250167,-1.0983928810695673e-14,3.093400395035267e-9,0.00015005284126074346,84.33,0.08559043993604634,0.0030798908454518423,0.000020320717561648333,0.0011642913527995652,tarmac,1.6,4,0,16965.541259765625,100,1,9.666666666684705,0,4803.08984375,-0.05401611328125,0,4805.15478515625,-0.05401611328125,0,3677.49072265625,-0.054931640625,0,3679.805908203125,-0.054931640625,0,0,0,0,0,92
2026-04-28T08:47:12.223Z,1,0.03,WebPort,true,false,webtest,webtest,car_1,car_1,0,0,0,0.0008499512914568186,0.493837833404541,0.09446348249912262,-0.00019100926032769317,-0.04564630495443216,0.9989576459287298,-0.9999999772344085,-0.00008629584750545888,-0.00019515175978211414,-0.00009511385341688631,0.9989576604626613,0.04564628743196101,-0.0000010489686701475875,-0.1393725723028183,0.01584646664559841,0.0005769465351477265,-2.4998705328016513e-9,0.00005872555266250856,0,0,0,0,-1.8187321371194961e-224,17,0.017,0.14027054008791265,0.015846466680317042,-0.0001912085650260981,-0.010955443782748181,0.04566217116254486,2.616249691017796,-0.00008638589072016318,-0.004949546947743693,-2.4998705328016513e-9,-0.00004536424822014429,0.9997393764909182,0.022829097896201172,0.00009656542224665369,0.0015152172791020398,2.141809983692593,-3.882556119803559,-0.00014264135953831217,-0.31964329732131885,0.9475379370405164,1.7453292519943295,0,web_chase,1,tarmac,1.6,0,4803.32177734375,0,-0.030540645122528076,0.9996290522576664,-0.0531005859375,5.381052048800839,4803.32177734375,1,tarmac,1.6,0,4805.412109375,0,-0.030662178993225098,0.9996290522576664,-0.0531005859375,4.774387995191262,4805.412109375,1,tarmac,1.6,0,3677.705322265625,0,0.07744422554969788,0.9997096930712173,-0.05401611328125,5.450006516574277,3677.705322265625,1,tarmac,1.6,0,3680.05029296875,0,0.07732129096984863,0.9997096930712173,-0.05401611328125,4.696964899488137,3680.05029296875,-1,1000.0000000000009,1,-1.8187321371194961e-224,0,1,-1e-323,0.05726511267909245,0.022279411712464572,0.000010041643105647522,0.9996290522576664,0.9997096930712173,-1.0857996111998122e-14,3.021534882968237e-9,0.00014891168612642995,84.33,0.08559043993604634,0.003174617965607286,0.000020083286211295045,0.001150687538505782,tarmac,1.6,4,0,16966.489501953125,100,1,10.000000000018039,0,4803.32177734375,-0.0531005859375,0,4805.412109375,-0.0531005859375,0,3677.705322265625,-0.05401611328125,0,3680.05029296875,-0.05401611328125,0,0,0,0,0,92
2026-04-28T08:47:12.240Z,2,0.046,WebPort,true,false,webtest,webtest,car_1,car_1,0,0,0,0.0008494161302223802,0.493835985660553,0.09472684562206268,-0.00019096464995839682,-0.045644876397960193,0.9989577112126007,-0.9999999771494759,-0.00008727465628756474,-0.00019515169091295542,-0.00009609136570246691,0.9989577256529674,0.04564485868857667,-0.0000010684325388865545,-0.1375589370727539,0.015841186046600342,-0.00008351256838068366,2.4837039092062696e-9,0.00005784360837424174,0,0,0,0,-1.764980479188748e-224,17,0.017,0.13846806254544916,0.015841186082631357,-0.00019116389561717336,-0.010952884414143448,0.04566074111553035,2.6161677553593594,-0.00008736571510918414,-0.0050056867498985795,2.4837039092062696e-9,-0.00004585345523837117,0.9997393927938226,0.022828383012752723,0.00009655424795064107,0.0015136961719581239,2.1418150584743807,-3.882294086573894,-0.000142400030171268,-0.31964486931089875,0.9475374067789883,1.7453292519943295,0,web_chase,1,tarmac,1.6,0,4802.84033203125,0,-0.030581623315811157,0.9996178940448643,-0.0531005859375,5.380167039035214,4802.84033203125,1,tarmac,1.6,0,4804.95458984375,0,-0.0307045578956604,0.9996178940448643,-0.0531005859375,4.773502985425637,4804.95458984375,1,tarmac,1.6,0,3677.609130859375,0,0.07742545008659363,0.9997009605568503,-0.0531005859375,5.449121506808652,3677.609130859375,1,tarmac,1.6,0,3679.979736328125,0,0.07730120420455933,0.9997009605568503,-0.0531005859375,4.696079889722512,3679.979736328125,-1,1000.0000000000009,1,-1.764980479188748e-224,0,1,-1e-323,0.05724603255245255,0.022191792154555946,0.000009983777039937639,0.9996178940448643,0.9997009605568503,-1.0860284908255323e-14,2.986811370943851e-9,0.00014774272161204445,84.33,0.08559043993604634,0.003130808186652973,0.000019967554079875277,0.0011440565758240348,tarmac,1.6,4,0,16965.3837890625,100,1,10.333333333351375,0,4802.84033203125,-0.0531005859375,0,4804.95458984375,-0.0531005859375,0,3677.609130859375,-0.0531005859375,0,3679.979736328125,-0.0531005859375,0,0,0,0,0,92
2026-04-28T08:47:12.257Z,3,0.063,WebPort,true,false,webtest,webtest,car_1,car_1,0,0,0,0.0008489020983688533,0.4938625395298004,0.09498454630374908,-0.00019092178559228454,-0.045632779622645524,0.998958263879319,-0.9999999770672627,-0.00008821418755286823,-0.00019515053515555792,-0.00009702755301133279,0.99895827822896,0.04563276173415077,-0.0000011444752772149513,-0.1358005553483963,0.01583590731024742,-0.0007150575402192771,7.109070221389402e-9,0.00005539812264032662,0,0,0,0,-1.7128174228290262e-224,17,0.017,0.1367207621196628,0.01583590735160355,-0.0001911208807926104,-0.010950419846239496,0.04564863172229825,2.615473938234696,-0.00008830617779149345,-0.005059571292384456,7.109070221389402e-9,-0.00004632250071765302,0.9997395309748862,0.022822329849205722,0.00009654322670710235,0.001512228206331955,2.1418352567968633,-3.882036820793748,-0.00014216681656832654,-0.31964334014489115,0.9475379226656915,1.7453292519943295,0,web_chase,1,tarmac,1.6,0,4801.67578125,0,-0.030581235885620117,0.9996231201538176,-0.05218505859375,5.379297288058652,4801.67578125,1,tarmac,1.6,0,4803.814453125,0,-0.03070560097694397,0.9996231201538176,-0.05218505859375,4.772633234449074,4803.814453125,1,tarmac,1.6,0,3677.211181640625,0,0.07742255926132202,0.9997050505551616,-0.05218505859375,5.448251755832089,3677.211181640625,1,tarmac,1.6,0,3679.609619140625,0,0.07729679346084595,0.9997050505551616,-0.05218505859375,4.695210138745949,3679.609619140625,-1,1000.0000000000009,1,-1.7128174228290262e-224,0,1,-1e-323,0.05722695855497392,0.022103535840158346,0.000009982407223718883,0.9996231201538176,0.9997050505551616,-1.0980110059892977e-14,2.9859918207414282e-9,0.00014656991888568557,84.33,0.08559043993604634,0.003224009131016673,0.000019964814447437766,0.001143899606448011,tarmac,1.6,4,0,16962.31103515625,100,1,10.666666666684709,0,4801.67578125,-0.05218505859375,0,4803.814453125,-0.05218505859375,0,3677.211181640625,-0.05218505859375,0,3679.609619140625,-0.05218505859375,0,0,0,0,0,92
2026-04-28T08:47:12.274Z,4,0.08,WebPort,true,false,webtest,webtest,car_1,car_1,0,0,0,0.0008484198478981853,0.4939160943031311,0.09523676335811615,-0.0001908818434642062,-0.04561064064670258,0.9989592749576528,-0.9999999769898927,-0.00008909149618468167,-0.00019514845517342545,-0.0000978996224952163,0.9989592892217894,0.04561062259124779,-0.0000012703567335847765,-0.13413022458553314,0.01583063043653965,-0.0013100910000503063,1.1229440488591536e-8,0.00005160217551747337,0,0,0,0,-1.662196017768495e-224,16,0.016,0.13506119357164612,0.015830630487510655,-0.00019108070361441821,-0.010948117863496339,0.045626469670954864,2.6142041462273675,-0.00008918431102220322,-0.005109884620354313,1.1229440488591536e-8,-0.00004675994736626126,0.9997397837899288,0.022811251666943342,0.00009653269403119664,0.001510849417506692,2.1418694225209665,-3.881784133907962,-0.00014194790810331036,-0.31963876745946324,0.947539465240254,1.7453292519943295,0,web_chase,1,tarmac,1.6,0,4799.87744140625,0,-0.03054100275039673,0.9996120745508467,-0.05126953125,5.378442795871152,4799.87744140625,1,tarmac,1.6,0,4802.0361328125,0,-0.030666649341583252,0.9996120745508467,-0.05126953125,4.771778742261574,4802.0361328125,1,tarmac,1.6,0,3676.52783203125,0,0.07743528485298157,0.9996964061702278,-0.05126953125,5.447397263644589,3676.52783203125,1,tarmac,1.6,0,3678.949462890625,0,0.07730817794799805,0.9996964061702278,-0.05126953125,4.694355646558449,3678.949462890625,-1,1000.0000000000009,1,-1.662196017768495e-224,0,1,-1e-323,0.05720789073840579,0.022016367506950088,0.0000100336251239875,0.9996120745508467,0.9996964061702278,-1.1209520869485031e-14,3.016711580108867e-9,0.00014541616166241622,84.33,0.08559043993604634,0.003317754065975044,0.000020067250247975,0.001149768745487487,tarmac,1.6,4,0,16957.390869140625,100,1,10.000000000018042,0,4799.87744140625,-0.05126953125,0,4802.0361328125,-0.05126953125,0,3676.52783203125,-0.05126953125,0,3678.949462890625,-0.05126953125,0,0,0,0,0,92
2026-04-28T08:47:12.290Z,5,0.097,WebPort,true,false,webtest,webtest,car_1,car_1,0,0,0,0.0008479800308123231,0.4939947724342346,0.09548404812812805,-0.0001908457298907975,-0.045579182919591545,0.9989607107700933,-0.9999999769194642,-0.00008988511134974968,-0.0001951454279594777,-0.00009868626387848197,0.9989607249562164,0.04557916471340992,-0.0000014415591067518108,-0.132578045129776,0.015825355425477028,-0.0018615220906212926,1.493047108169776e-8,0.00004655102748074569,0,0,0,0,-1.6130707013255527e-224,17,0.017,0.13351921182681423,0.015825355491134088,-0.00019104427782935704,-0.010946030819746882,0.04559497919409996,2.612399874808727,-0.0000899786236452036,-0.005155395381266201,1.493047108169776e-8,-0.00004715509739779199,0.9997401428178443,0.0227955104853709,0.00009652287162400262,0.001509589691094129,2.141917240174852,-3.8815356210473233,-0.00014174799936016717,-0.3196315145799611,0.9475419118935189,1.7453292519943295,0,web_chase,1,tarmac,1.6,0,4797.49609375,0,-0.030462950468063354,0.99960093387531,-0.05035400390625,5.377603562472714,4797.49609375,1,tarmac,1.6,0,4799.67333984375,0,-0.03058984875679016,0.99960093387531,-0.05035400390625,4.770939508863137,4799.67333984375,1,tarmac,1.6,0,3675.58349609375,0,0.07746285200119019,0.9996876873806774,-0.05035400390625,5.446558030246152,3675.58349609375,1,tarmac,1.6,0,3678.026123046875,0,0.07733449339866638,0.9996876873806774,-0.05035400390625,4.693516413160012,3678.026123046875,-1,1000.0000000000009,1,-1.6130707013255527e-224,0,1,-1e-323,0.057188829150052016,0.0219319208189285,0.000010130896022154132,0.99960093387531,0.9996876873806774,-1.1535969167835461e-14,3.0754860723621182e-9,0.00014430277603284106,84.33,0.08559043993604634,0.0034128598235267493,0.000020261792044308264,0.0011609151693517444,tarmac,1.6,4,0,16950.779052734375,100,1,10.333333333351378,0,4797.49609375,-0.05035400390625,0,4799.67333984375,-0.05035400390625,0,3675.58349609375,-0.05035400390625,0,3678.026123046875,-0.05035400390625,0,0,0,0,0,92
2026-04-28T08:47:12.307Z,6,0.114,WebPort,true,false,webtest,webtest,car_1,car_1,0,0,0,0.0008475910290144384,0.49409618973731995,0.09572666883468628,-0.00019081415640244433,-0.04553924078643568,0.9989625323997656,-0.9999999768577609,-0.00009057757382170121,-0.0001951414388509661,-0.000099370195494799,0.9989625465172849,0.04553922244907233,-0.0000016497241404067609,-0.13117070496082306,0.015820082277059555,-0.0023633535020053387,1.7891935044644924e-8,0.0000404723068641033,0,0,0,0,-1.5653972573993424e-224,16,0.016,0.13212126568381719,0.01582008236307648,-0.00019101232317832417,-0.010944199953106885,0.04555499554351848,2.6101089803808826,-0.00009067164118340723,-0.005195102361333815,1.7891935044644924e-8,-0.00004749926371758837,0.9997405983272374,0.022775523817853395,0.00009651393468945592,0.0015084793348557096,2.1419765444032315,-3.881290999989071,-0.00014157241928622476,-0.3196216324139615,0.9475452453842428,1.7453292519943295,0,web_chase,1,tarmac,1.6,0,4794.5966796875,0,-0.030349761247634888,0.9995896051164582,-0.05035400390625,5.376764329074277,4794.5966796875,1,tarmac,1.6,0,4796.7900390625,0,-0.030477821826934814,0.9995896051164582,-0.05035400390625,4.770100275464699,4796.7900390625,1,tarmac,1.6,0,3674.40771484375,0,0.0775042474269867,0.999678821395489,-0.0494384765625,5.445734055636777,3674.40771484375,1,tarmac,1.6,0,3676.86767578125,0,0.07737478613853455,0.999678821395489,-0.0494384765625,4.692692438550637,3676.86767578125,-1,1000.0000000000009,1,-1.5653972573993424e-224,0,1,-1e-323,0.057169773833319455,0.021851707549231207,0.000010270105665386351,0.9995896051164582,0.999678821395489,-1.1952536150038203e-14,3.160587894633364e-9,0.00014324916848765956,84.33,0.08559043993604634,0.0033727531886781036,0.000020540211330772702,0.001176867419394561,tarmac,1.6,4,0,16942.662109375,100,1,9.666666666684712,0,4794.5966796875,-0.05035400390625,0,4796.7900390625,-0.05035400390625,0,3674.40771484375,-0.0494384765625,0,3676.86767578125,-0.0494384765625,0,0,0,0,0,92
2026-04-28T08:47:12.324Z,7,0.129,WebPort,true,false,webtest,webtest,car_1,car_1,0,0,0,0.0008472598274238408,0.4942176342010498,0.09596532583236694,-0.00019078792598579874,-0.04549175345958678,0.998964696056442,-0.9999999768062877,-0.00009115419856125967,-0.00019513671169562493,-0.00009993693743938916,0.9989647101164707,0.04549173501334366,-0.0000018883587244999944,-0.12993116676807404,0.01581481099128723,-0.002810432342812419,2.0313267512506172e-8,0.00003353486317791976,0,0,0,0,-1.5191327766722761e-224,17,0.017,0.13089009262724624,0.015814811104026442,-0.00019098565186464098,-0.010942671799398769,0.04550745895129688,2.607385334274151,-0.00009124866713023214,-0.0052281635127564225,2.0313267512506172e-8,-0.00004778515369524862,0.9997411393679867,0.022751761653633688,0.00009650614106102416,0.001507537195395434,2.142046253999115,-3.8810496653675086,-0.0001414240629654508,-0.31960950427952306,0.9475493363268386,1.7453292519943295,0,web_chase,1,tarmac,1.6,0,4791.25,0,-0.030204832553863525,0.99959427765388,-0.0494384765625,5.375940354464902,4791.25,1,tarmac,1.6,0,4793.45654296875,0,-0.030333906412124634,0.99959427765388,-0.0494384765625,4.769276300855324,4793.45654296875,1,tarmac,1.6,0,3673.034912109375,0,0.07755813002586365,0.9996824781639061,-0.04852294921875,5.444925339816464,3673.034912109375,1,tarmac,1.6,0,3675.509765625,0,0.0774276852607727,0.9996824781639061,-0.04852294921875,4.691883722730324,3675.509765625,-1,1000.0000000000009,1,-1.5191327766722761e-224,0,1,-1e-323,0.057150724828002965,0.02177708408639222,0.000010443694695775919,0.99959427765388,0.9996824781639061,-1.2444307966658216e-14,3.2683336353860164e-9,0.00014227245011296682,84.33,0.08559043993604634,0.003472770558821109,0.000020887389391551838,0.0011967592570082067,tarmac,1.6,4,0,16933.251220703125,100,1,10.000000000018046,0,4791.25,-0.0494384765625,0,4793.45654296875,-0.0494384765625,0,3673.034912109375,-0.04852294921875,0,3675.509765625,-0.04852294921875,0,0,0,0,0,92
2026-04-28T08:47:12.340Z,8,0.147,WebPort,true,false,webtest,webtest,car_1,car_1,0,0,0,0.0008469911408610642,0.49435609579086304,0.09620031714439392,-0.0001907675468293784,-0.04543770139106758,0.9989671560667245,-0.9999999767660486,-0.00009160580577907267,-0.0001951314399697362,-0.00010037751537967483,0.998967170081516,0.04543768285995538,-0.000002145458665836486,-0.1288783848285675,0.015809541568160057,-0.003198383841663599,2.1720879317399522e-8,0.000026069099476444535,0,0,0,0,-1.4742356179887538e-224,17,0.017,0.12984444418310206,0.015809541713736476,-0.00019096478132629903,-0.010941476005635609,0.04545335093208402,2.6042851731354406,-0.00009170051655934499,-0.005254052578019985,2.1720879317399522e-8,-0.00004800822819767349,0.9997417545189219,0.02272471461761453,0.00009649966730278514,0.0015067805297680071,2.1421241648512632,-3.8808113773292487,-0.00014130596105087524,-0.3195953167142682,0.9475541217085872,1.7453292519943295,0,web_chase,1,tarmac,1.6,0,4787.53173828125,0,-0.030031800270080566,0.9995823223541638,-0.0494384765625,5.375116379855527,4787.53173828125,1,tarmac,1.6,0,4789.7470703125,0,-0.030161648988723755,0.9995823223541638,-0.0494384765625,4.768452326245949,4789.7470703125,1,tarmac,1.6,0,3671.502685546875,0,0.07762289047241211,0.9996731218423891,-0.04852294921875,5.444116623996152,3671.502685546875,1,tarmac,1.6,0,3673.9892578125,0,0.07749158143997192,0.9996731218423891,-0.04852294921875,4.691075006910012,3673.9892578125,-1,1000.0000000000009,1,-1.4742356179887538e-224,0,1,-1e-323,0.057131682170628875,0.021709234820707052,0.000010646079842647492,0.9995823223541638,0.9996731218423891,-1.3000041467171764e-14,3.3962330689545618e-9,0.00014138729695188467,84.33,0.08559043993604634,0.003438845925978526,0.000021292159685294985,0.0012199508865016443,tarmac,1.6,4,0,16922.770751953125,100,1,10.333333333351382,0,4787.53173828125,-0.0494384765625,0,4789.7470703125,-0.0494384765625,0,3671.502685546875,-0.04852294921875,0,3673.9892578125,-0.04852294921875,0,0,0,0,0,92
2026-04-28T08:47:12.357Z,9,0.163,WebPort,true,false,webtest,webtest,car_1,car_1,0,0,0,0.0008467873558402061,0.4945083260536194,0.09643235802650452,-0.0001907532689942952,-0.04537815705912865,0.9989698626460698,-0.9999999767377497,-0.0000919263512935637,-0.0001951257192559349,-0.00010068610005995696,0.9989698766286516,0.04537813846827859,-0.000002413755055385991,-0.12802709639072418,0.015804274007678032,-0.0035239998251199722,2.251326236546447e-8,0.00001825845356506761,0,0,0,0,-1.4306653708753109e-224,16,0.016,0.12899888562687573,0.015804274192002015,-0.00019094997137413124,-0.010940627457881606,0.04539374511840925,2.6008700115774332,-0.00009202114416535254,-0.005272423186639601,2.251326236546447e-8,-0.00004816551876695274,0.9997424313307491,0.022694919382035793,0.0000964946010485395,0.0015062210847055985,2.142208202505386,-3.8805755211385646,-0.0001412203595822039,-0.3195793415494701,0.9475595097468112,1.7453292519943295,0,web_chase,1,tarmac,1.6,0,4783.52294921875,0,-0.0298348069190979,0.9995862254279846,-0.0494384765625,5.374292405246152,4783.52294921875,1,tarmac,1.6,0,4785.74365234375,0,-0.02996528148651123,0.9995862254279846,-0.0494384765625,4.767628351636574,4785.74365234375,1,tarmac,1.6,0,3669.85009765625,0,0.0776967704296112,0.999676176421901,-0.047607421875,5.443323166964902,3669.85009765625,1,tarmac,1.6,0,3672.34326171875,0,0.07756483554840088,0.999676176421901,-0.047607421875,4.690281549878762,3672.34326171875,-1,1000.0000000000009,1,-1.4306653708753109e-224,0,1,-1e-323,0.057112645894446104,0.021649150753950946,0.000010866528294258871,0.9995862254279846,0.999676176421901,-1.3594928519811818e-14,3.5383409511243613e-9,0.0001406057539346196,84.33,0.08559043993604634,0.003408803892600473,0.000021733056588517743,0.0012452124182450051,tarmac,1.6,4,0,16911.4599609375,100,1,9.666666666684716,0,4783.52294921875,-0.0494384765625,0,4785.74365234375,-0.0494384765625,0,3669.85009765625,-0.047607421875,0,3672.34326171875,-0.047607421875,0,0,0,0,0,92
2026-04-28T08:47:12.374Z,10,0.18,WebPort,true,false,webtest,webtest,car_1,car_1,0,0,0,0.000846650218591094,0.4946708083152771,0.09666194021701813,-0.00019074488572290516,-0.0453141915815218,0.9989727662242359,-0.9999999767217462,-0.0000921137197169801,-0.00019511937323573282,-0.00010086077405294603,0.9989727801879168,0.045314172956465615,-0.000002684881565073738,-0.1273874193429947,0.015799008309841156,-0.0037846306804567575,2.263736398333549e-8,0.000010337881576560903,0,0,0,0,-1.3883828191684653e-224,18,0.018,0.1283634031866209,0.01579900853797538,-0.00019094102447433497,-0.010940114838283551,0.045329713773870524,2.5972012857788163,-0.00009220843779005685,-0.005283154320864865,2.263736398333549e-8,-0.0000482560176431481,0.9997431574076788,0.022662911935547928,0.00009649084769911783,0.0015058561004662806,2.142294933420442,-3.8803374444602277,-0.00014116632568145793,-0.3195619344255296,0.9475653804030002,1.7453292519943295,0,web_chase,1,tarmac,1.6,0,4779.30419921875,0,-0.029618144035339355,0.9995896578168795,-0.04852294921875,5.373483689425839,4779.30419921875,1,tarmac,1.6,0,4781.52783203125,0,-0.02974909543991089,0.9995896578168795,-0.04852294921875,4.766819635816262,4781.52783203125,1,tarmac,1.6,0,3668.123046875,0,0.07777762413024902,0.999678862639297,-0.047607421875,5.442529709933652,3668.123046875,1,tarmac,1.6,0,3670.6201171875,0,0.0776452124118805,0.999678862639297,-0.047607421875,4.689488092847512,3670.6201171875,-1,1000.0000000000009,1,-1.3883828191684653e-224,0,1,-1e-323,0.057093616029726756,0.021597627582945124,0.000011098998504079217,0.9995896578168795,0.999678862639297,-1.421380680301469e-14,3.691353475156627e-9,0.00013993729211980794,84.33,0.08559043993604634,0.003520371408660062,0.000022197997008158433,0.0012718515420026045,tarmac,1.6,4,0,16899.5751953125,100,1,11.000000000018048,0,4779.30419921875,-0.04852294921875,0,4781.52783203125,-0.04852294921875,0,3668.123046875,-0.047607421875,0,3670.6201171875,-0.047607421875,0,0,0,0,0,92
2026-04-28T08:47:12.391Z,11,0.196,WebPort,true,false,webtest,webtest,car_1,car_1,0,0,0,0.000846578273922205,0.49484002590179443,0.09688979387283325,-0.0001907424404646122,-0.04524696672775764,0.9989758133304624,-0.9999999767178158,-0.00009217049979338832,-0.00019511270339101432,-0.00010090435799467132,0.9989758272883965,0.04524694809348333,-0.000002948521569123841,-0.12696491181850433,0.01579374447464943,-0.00397874228656292,2.1809508865544558e-8,0.0000025788663151615765,0,0,0,0,-1.3473499057175231e-224,16,0.016,0.12794346879112228,0.015793744749878,-0.00019093799429509156,-0.010939941221801737,0.04526241989734009,2.593345630666548,-0.0000922649948217771,-0.0052863948000842235,2.1809508865544558e-8,-0.000048281078295554326,0.9997439193784419,0.02262927362376522,0.00009648849479762757,0.001505692114903689,2.142383246346863,-3.880100113866874,-0.00014114559373333842,-0.3195433713639761,0.9475716405081285,1.7453292519943295,0,web_chase,1,tarmac,1.6,0,4774.96240234375,0,-0.029386579990386963,0.9995762993068388,-0.04852294921875,5.372674973605527,4774.96240234375,1,tarmac,1.6,0,4777.185546875,0,-0.029517829418182373,0.9995762993068388,-0.04852294921875,4.766010919995949,4777.185546875,1,tarmac,1.6,0,3666.36474609375,0,0.07786333560943604,0.9996684081531781,-0.04669189453125,5.441751511691464,3666.36474609375,1,tarmac,1.6,0,3668.86083984375,0,0.07773065567016602,0.9996684081531781,-0.04669189453125,4.688709894605324,3668.86083984375,-1,1000.0000000000009,1,-1.3473499057175231e-224,0,1,-1e-323,0.057074592603824095,0.021555237472193255,0.000011336317944242065,0.9995762993068388,0.9996684081531781,-1.4837425054621865e-14,3.8508986091395475e-9,0.00013938851729842464,84.33,0.08559043993604634,0.0034991763532841273,0.00002267263588848413,0.0012990463466243931,tarmac,1.6,4,0,16887.37353515625,100,1,10.333333333351382,0,4774.96240234375,-0.04852294921875,0,4777.185546875,-0.04852294921875,0,3666.36474609375,-0.04669189453125,0,3668.86083984375,-0.04669189453125,0,0,0,0,0,92
2026-04-28T08:47:12.407Z,12,0.213,WebPort,true,false,webtest,webtest,car_1,car_1,0,0,0,0.0008465686696581542,0.4950125217437744,0.09711632132530212,-0.00019074592458652646,-0.045177599651928656,0.9989789527841327,-0.9999999767254556,-0.00009210164146829742,-0.00019510606373571838,-0.00010082202498081542,0.9989789667490392,0.04517758103242785,-0.000003200479795850697,-0.12676069140434265,0.015788482502102852,-0.004105710424482822,2.075061722450755e-8,-0.000004871623787039425,0,0,0,0,-1.3075296981305739e-224,17,0.017,0.1277401623424257,0.015788482826487125,-0.00019094088192431213,-0.010940106670768874,0.04519298181424322,2.589367121567619,-0.0000921957761603988,-0.005282428862923702,2.075061722450755e-8,-0.00004824323289522326,0.9997447044444181,0.022594563462721474,0.00009648762994365448,0.0015057161857947204,2.1424714232831668,-3.879864129321404,-0.00014115567324730498,-0.31952398728532916,0.9475781770515617,1.7453292519943295,0,web_chase,1,tarmac,1.6,0,4770.58056640625,0,-0.029144853353500366,0.999578673314463,-0.04852294921875,5.371866257785214,4770.58056640625,1,tarmac,1.6,0,4772.80029296875,0,-0.02927619218826294,0.999578673314463,-0.04852294921875,4.765202204175637,4772.80029296875,1,tarmac,1.6,0,3664.6162109375,0,0.07795175909996033,0.9996702660721885,-0.04669189453125,5.440973313449277,3664.6162109375,1,tarmac,1.6,0,3667.108642578125,0,0.07781901955604553,0.9996702660721885,-0.04669189453125,4.687931696363137,3667.108642578125,-1,1000.0000000000009,1,-1.3075296981305739e-224,0,1,-1e-323,0.057055575641134657,0.021522346435149158,0.000011569380697895092,0.999578673314463,0.9996702660721885,-1.544036571464439e-14,4.010867106155345e-9,0.0001389634589775442,84.33,0.08559043993604634,0.0034827308347620788,0.000023138761395790184,0.0013257533709024115,tarmac,1.6,4,0,16875.105712890625,100,1,10.666666666684716,0,4770.58056640625,-0.04852294921875,0,4772.80029296875,-0.04852294921875,0,3664.6162109375,-0.04669189453125,0,3667.108642578125,-0.04669189453125,0,0,0,0,0,92
2026-04-28T08:47:12.423Z,13,0.23,WebPort,true,false,webtest,webtest,car_1,car_1,0,0,0,0.0008466166909784079,0.4951847195625305,0.09734229743480682,-0.00019075471209093733,-0.045107206507885265,0.9989821337409869,-0.9999999767438307,-0.00009191612053893129,-0.0001950993721533362,-0.00010062294989045465,0.9989821477246137,0.04510718792543132,-0.0000034320842132729013,-0.12677153944969177,0.015783222392201424,-0.004165865480899811,1.8915681465614398e-8,-0.000011778828593378421,0,0,0,0,-1.2688863555328447e-224,16,0.016,0.12775027724159993,0.01578322276535722,-0.00019094907038847165,-0.010940575835205909,0.0451225168355149,2.585329775683007,-0.0000920097726359855,-0.00527177164600026,1.8915681465614398e-8,-0.000048147021029445246,0.9997454998910262,0.02255933996280806,0.00009648807728725269,0.0015059190669226654,2.1425573791777888,-3.8796288161223393,-0.00014119539934998024,-0.31950413082100376,0.9475848724268314,1.7453292519943295,0,web_chase,1,tarmac,1.6,0,4766.2412109375,0,-0.02889770269393921,0.9995804868722602,-0.04852294921875,5.371057541964902,4766.2412109375,1,tarmac,1.6,0,4768.45361328125,0,-0.029028892517089844,0.9995804868722602,-0.04852294921875,4.764393488355324,4768.45361328125,1,tarmac,1.6,0,3662.9169921875,0,0.07804083824157715,0.9996716853782905,-0.04669189453125,5.440195115207089,3662.9169921875,1,tarmac,1.6,0,3665.40234375,0,0.0779082179069519,0.9996716853782905,-0.04669189453125,4.687153498120949,3665.40234375,-1,1000.0000000000009,1,-1.2688863555328447e-224,0,1,-1e-323,0.057036565163532504,0.021499106094346857,0.000011794918800011692,0.9995804868722602,0.9996716853782905,-1.6011660743168536e-14,4.168770234680848e-9,0.00013866351059282748,84.33,0.08559043993604634,0.0034711106643609286,0.000023589837600023385,0.0013515981336296463,tarmac,1.6,4,0,16863.01416015625,100,1,10.00000000001805,0,4766.2412109375,-0.04852294921875,0,4768.45361328125,-0.04852294921875,0,3662.9169921875,-0.04669189453125,0,3665.40234375,-0.04669189453125,0,0,0,0,0,92
2026-04-28T08:47:12.441Z,14,0.247,WebPort,true,false,webtest,webtest,car_1,car_1,0,0,0,0.0008467172156088054,0.4953532814979553,0.09756813943386078,-0.00019076813689448678,-0.04503690139092227,0.9989853057581088,-0.9999999767719208,-0.00009162448129040486,-0.00019509257450416487,-0.00010031787549686844,0.9989853197710459,0.04503688286576996,-0.0000036408650885277893,-0.12699000537395477,0.015777964144945145,-0.004160162061452866,1.692446538470449e-8,-0.000018054648535326123,0,0,0,0,-1.2313850963074934e-224,17,0.017,0.12796642384114723,0.015777964565021473,-0.0001909619025185141,-0.010941311062099503,0.04505214019747541,2.581297491347024,-0.00009171754501305947,-0.005255028236549458,1.692446538470449e-8,-0.000047997766561185576,0.99974629310404,0.022524160599042747,0.00009648965794127146,0.0015062821089734805,2.1426389865810958,-3.879393964359142,-0.000141261456620234,-0.3194840739529278,0.9475916349016813,1.7453292519943295,0,web_chase,1,tarmac,1.6,0,4762.01953125,0,-0.02864977717399597,0.9995817328963206,-0.04852294921875,5.370248826144589,4762.01953125,1,tarmac,1.6,0,4764.22314453125,0,-0.028780728578567505,0.9995817328963206,-0.04852294921875,4.763584772535012,4764.22314453125,1,tarmac,1.6,0,3661.309326171875,0,0.07812824845314026,0.9996726605275552,-0.04669189453125,5.439416916964902,3661.309326171875,1,tarmac,1.6,0,3663.785400390625,0,0.07799586653709412,0.9996726605275552,-0.04669189453125,4.686375299878762,3663.785400390625,-1,1000.0000000000009,1,-1.2313850963074934e-224,0,1,-1e-323,0.05701756119020459,0.02148546784663591,0.000012005135455144545,0.9995817328963206,0.9996726605275552,-1.6528281205083325e-14,4.318691457994393e-9,0.00013848764181363082,84.33,0.08559043993604634,0.003464291540505454,0.00002401027091028909,0.0013756871878609401,tarmac,1.6,4,0,16851.33740234375,100,1,10.333333333351385,0,4762.01953125,-0.04852294921875,0,4764.22314453125,-0.04852294921875,0,3661.309326171875,-0.04669189453125,0,3663.785400390625,-0.04669189453125,0,0,0,0,0,92
2026-04-28T08:47:12.457Z,15,0.264,WebPort,true,false,webtest,webtest,car_1,car_1,0,0,0,0.0008468632004223764,0.49551504850387573,0.09779462218284607,-0.0001907858050392024,-0.04496775686105671,0.9989884205753646,-0.9999999768082282,-0.00009124128395480528,-0.00019508606153299178,-0.00009992156873127592,0.9989884346267043,0.044967738410632896,-0.000003819194716925267,-0.12740488350391388,0.015772707760334015,-0.004090552218258381,1.4343255472226701e-8,-0.000023449416403309442,0,0,0,0,-1.1949921667898065e-224,17,0.017,0.12837750061955958,0.015772708222722854,-0.0001909789931396914,-0.01094229028256222,0.044982925544984446,2.577331783878827,-0.00009133367368281198,-0.0052330340294502046,1.4343255472226701e-8,-0.000047802803838372277,0.9997470720150041,0.022489562057537042,0.00009649237226433276,0.001506786416884868,2.1427145251840534,-3.879158893304512,-0.000141350902352652,-0.31946415336872064,0.9475983509548385,1.7453292519943295,0,web_chase,1,tarmac,1.6,0,4757.990234375,0,-0.02840563654899597,0.9995824188033913,-0.04852294921875,5.369440110324277,4757.990234375,1,tarmac,1.6,0,4760.1826171875,0,-0.028536170721054077,0.9995824188033913,-0.04852294921875,4.762776056714699,4760.1826171875,1,tarmac,1.6,0,3659.8251953125,0,0.07821214199066162,0.9996731973243932,-0.04669189453125,5.438638718722714,3659.8251953125,1,tarmac,1.6,0,3662.289794921875,0,0.07808014750480652,0.9996731973243932,-0.04669189453125,4.685597101636574,3662.289794921875,-1,1000.0000000000009,1,-1.1949921667898065e-224,0,1,-1e-323,0.05699856373819473,0.021481191379799043,0.000012198094729940066,0.9995824188033913,0.9996731973243932,-1.6983217873543876e-14,4.458636345790011e-9,0.00013843251956672031,84.33,0.08559043993604634,0.0034621533070870215,0.000024396189459880132,0.0013977986919753637,tarmac,1.6,4,0,16840.287841796875,100,1,10.66666666668472,0,4757.990234375,-0.04852294921875,0,4760.1826171875,-0.04852294921875,0,3659.8251953125,-0.04669189453125,0,3662.289794921875,-0.04669189453125,0,0,0,0,0,92
2026-04-28T08:47:12.474Z,16,0.281,WebPort,true,false,webtest,webtest,car_1,car_1,0,0,0,0.0008470466709695756,0.4956669807434082,0.09802208840847015,-0.00019080696572369442,-0.04490084446502124,0.998991430273068,-0.9999999768512854,-0.00009078144450277862,-0.0001950798764844435,-0.00009944913627836944,0.9989914443702995,0.0449008261038924,-0.000003966583790315781,-0.1280013918876648,0.015767453238368034,-0.0039596715942025185,1.170184127374796e-8,-0.00002795600266836118,0,0,0,0,-1.1596748108866215e-224,16,0.016,0.12896886803619487,0.015767453737300437,-0.00019099959981766005,-0.01094347095823961,0.044915945495349135,2.573494109723147,-0.00009087309482426332,-0.0052066448047224136,1.170184127374796e-8,-0.000047569641086623334,0.9997478246406255,0.02245608051240176,0.00009649604447672855,0.0015074103395607665,2.1427825551325,-3.878923291618502,-0.00014146035676901363,-0.31944474996314437,0.9476048921939733,1.7453292519943295,0,web_chase,1,tarmac,1.6,0,4754.2197265625,0,-0.0281696617603302,0.9995825599610614,-0.04852294921875,5.368631394503964,4754.2197265625,1,tarmac,1.6,0,4756.39892578125,0,-0.028299659490585327,0.9995825599610614,-0.04852294921875,4.761967340894387,4756.39892578125,1,tarmac,1.6,0,3658.498291015625,0,0.07829049229621887,0.9996733077956133,-0.04669189453125,5.437860520480527,3658.498291015625,1,tarmac,1.6,0,3660.94775390625,0,0.07815909385681152,0.9996733077956133,-0.04669189453125,4.684818903394387,3660.94775390625,-1,1000.0000000000009,1,-1.1596748108866215e-224,0,1,-1e-323,0.05697957282218451,0.021485864966656266,0.00001236674434468645,0.9995825599610614,0.9996733077956133,-1.735638693783655e-14,4.5827779421853195e-9,0.0001384927638905258,84.33,0.08559043993604634,0.003464490100515633,0.0000247334886893729,0.001417124514246652,tarmac,1.6,4,0,16830.064697265625,100,1,10.000000000018053,0,4754.2197265625,-0.04852294921875,0,4756.39892578125,-0.04852294921875,0,3658.498291015625,-0.04669189453125,0,3660.94775390625,-0.04669189453125,0,0,0,0,0,92
2026-04-28T08:47:12.490Z,17,0.296,WebPort,true,false,webtest,webtest,car_1,car_1,0,0,0,0.0008472611079923809,0.49580660462379456,0.09825122356414795,-0.0001908308795088451,-0.044837100772736956,0.998994293265918,-0.9999999768996499,-0.00009025971612415156,-0.00019507404637024136,-0.00009891549599507719,0.9989943074149518,0.04483708251264319,-0.000004084159627382178,-0.12876157462596893,0.015762200579047203,-0.0037710508331656456,9.197680839179156e-9,-0.00003158169420203194,0,0,0,0,-1.1254012405936328e-224,17,0.017,0.12972274312522628,0.015762201108172544,-0.0001910229902954239,-0.010944811133896271,0.04485213754081892,2.569838183229203,-0.00009035058078770101,-0.005176706955691049,9.197680839179156e-9,-0.00004730569849323515,0.9997485405816453,0.022424184593760058,0.00009650049742872594,0.0015081309943583026,2.14284140711712,-3.8786867305490755,-0.00014158580519835624,-0.31942603418503823,0.9476112011992464,1.7453292519943295,0,web_chase,1,tarmac,1.6,0,4750.7705078125,0,-0.02794593572616577,0.9995821848720575,-0.04852294921875,5.367822678683652,4750.7705078125,1,tarmac,1.6,0,4752.93603515625,0,-0.02807527780532837,0.9995821848720575,-0.04852294921875,4.761158625074074,4752.93603515625,1,tarmac,1.6,0,3657.3544921875,0,0.07836166024208069,0.9996730142476972,-0.047607421875,5.437067063449277,3657.3544921875,1,tarmac,1.6,0,3659.788330078125,0,0.07823094725608826,0.9996730142476972,-0.047607421875,4.684025446363137,3659.788330078125,-1,1000.0000000000009,1,-1.1254012405936328e-224,0,1,-1e-323,0.056960588455203465,0.02149892200766709,0.00001251082212220785,0.9995821848720575,0.9996730142476972,-1.764733957057693e-14,4.6901825577973994e-9,0.00013866114120372674,84.33,0.08559043993604634,0.0034710186210210447,0.0000250216442444157,0.0014336346113836358,tarmac,1.6,4,0,16820.849365234375,100,1,10.333333333351389,0,4750.7705078125,-0.04852294921875,0,4752.93603515625,-0.04852294921875,0,3657.3544921875,-0.047607421875,0,3659.788330078125,-0.047607421875,0,0,0,0,0,92
