timestamp_utc,sample_index,race_time_seconds,game_state,is_racing,is_paused,level_id,level_name,car_id,car_name,player_steer,player_throttle,player_brake,position_x,position_y,position_z,forward_x,forward_y,forward_z,right_x,right_y,right_z,up_x,up_y,up_z,velocity_x,velocity_y,velocity_z,angular_velocity_x,angular_velocity_y,angular_velocity_z,vehicle_applied_throttle,vehicle_applied_brake,vehicle_applied_handbrake,vehicle_control_candidate_1dfc,vehicle_applied_steer,vehicle_frame_delta_ms,vehicle_frame_delta_seconds,speed_magnitude,planar_speed_magnitude,yaw_radians,yaw_degrees,pitch_radians,pitch_degrees,roll_radians,roll_degrees,yaw_rate,quat_x,quat_y,quat_z,quat_w,camera_position_x,camera_position_y,camera_position_z,camera_forward_x,camera_forward_y,camera_forward_z,camera_fov,camera_mode_index,camera_family,wheel_0_contact_flag,wheel_0_contact_ptr,wheel_0_contact_surface_44_candidate,wheel_0_contact_surface_48_candidate,wheel_0_contact_surface_4c_candidate,wheel_0_contact_surface_50_candidate,wheel_0_suspension_length_candidate,wheel_0_tire_force_multiplier_candidate,wheel_0_load_or_spin_candidate,wheel_0_rotation_or_phase_candidate,wheel_0_vertical_load_candidate,wheel_1_contact_flag,wheel_1_contact_ptr,wheel_1_contact_surface_44_candidate,wheel_1_contact_surface_48_candidate,wheel_1_contact_surface_4c_candidate,wheel_1_contact_surface_50_candidate,wheel_1_suspension_length_candidate,wheel_1_tire_force_multiplier_candidate,wheel_1_load_or_spin_candidate,wheel_1_rotation_or_phase_candidate,wheel_1_vertical_load_candidate,wheel_2_contact_flag,wheel_2_contact_ptr,wheel_2_contact_surface_44_candidate,wheel_2_contact_surface_48_candidate,wheel_2_contact_surface_4c_candidate,wheel_2_contact_surface_50_candidate,wheel_2_suspension_length_candidate,wheel_2_tire_force_multiplier_candidate,wheel_2_load_or_spin_candidate,wheel_2_rotation_or_phase_candidate,wheel_2_vertical_load_candidate,wheel_3_contact_flag,wheel_3_contact_ptr,wheel_3_contact_surface_44_candidate,wheel_3_contact_surface_48_candidate,wheel_3_contact_surface_4c_candidate,wheel_3_contact_surface_50_candidate,wheel_3_suspension_length_candidate,wheel_3_tire_force_multiplier_candidate,wheel_3_load_or_spin_candidate,wheel_3_rotation_or_phase_candidate,wheel_3_vertical_load_candidate,web_gear,web_engine_rpm,web_clutch,web_slip_long_avg,web_slip_lat_avg,web_slip_angle_deg,web_surface_type,web_surface_grip,web_wheel_contacts,web_forward_impulse,web_suspension_force,web_camera_fov_degrees,web_sim_steps,web_sim_backlog_ms
2026-04-26T21:09:04.363Z,0,0.007,WebPort,true,false,webtest,webtest,car_1,car_1,0,0,0,-25.59730339050293,0.47990599274635315,66.0184555053711,-0.7287496793347085,-3.1408332114969457e-9,0.6847801872641757,-0.6847801872590604,0.000003868559580458517,-0.7287496793292471,0.000002646824072753298,0.9999999999925171,0.000002821362334101076,-0.0006826787139289081,-0.004143776372075081,-0.0003576362505555153,-0.0005194921395741403,0,0.001338192611001432,0,0,0,0,1.8923658074403234e-9,16,0.016,0.004214835291672826,0.0007706840559937874,-0.8164943006675869,-46.781677424738405,3.140833211496946e-9,1.7995648717329528e-7,0.000003868559580468166,0.0002216521367557263,0,0.0000017746935752546933,0.9178181157663746,7.693526415509144e-7,0.3970011415189133,-23.21950894929591,1.5740606975029832,63.77662393519076,-0.7086304397120121,-0.2332732912383949,0.6659027492872871,1.7453292519943295,0,web_chase,1,tarmac,1.6,0,2458.905517578125,0,0.005105823278427124,0.9991805011165473,0.047607421875,5.443927828070429,2458.905517578125,1,tarmac,1.6,0,2459.68896484375,0,0.005104482173919678,0.9991805011165473,0.047607421875,2.2775943275314674,2459.68896484375,1,tarmac,1.6,0,2685.185302734375,0,0.009766370058059692,0.9993586530477326,0.047607421875,5.485157076117304,2685.185302734375,1,tarmac,1.6,0,2685.980224609375,0,0.009764999151229858,0.9993586530477326,0.047607421875,2.6136538978439674,2685.980224609375,0,1000.0000000000103,0.25,0.0010700436278724273,0.0006696925269650596,0.03837054963030496,tarmac,1.6,4,0,10289.760009765625,100,1,6.666666666668177
2026-04-26T21:09:04.379Z,1,0.024,WebPort,true,false,webtest,webtest,car_1,car_1,0,0,0,-25.597326278686523,0.48034751415252686,66.01848602294922,-0.7287499560213537,-0.000221518723255763,0.6847798569820307,-0.6847798736267144,-9.67940753962774e-7,-0.7287499740479202,-0.0001620945901548313,0.9999999754642589,0.00015098617653515082,0.01058048103004694,-0.07238175719976425,-0.010401536710560322,-0.027901634573936462,3.5842156066029363e-12,-0.028026729822158813,0,0,0,0,1.8364379456703782e-9,17,0.017,0.0738867871821068,0.014837066582324055,-0.8164947308301376,-46.78170207123706,0.00022151872506743708,0.012692088029482977,-9.67940777711616e-7,-0.00005545892138148618,3.5842156066029363e-12,-0.00004441581188080901,0.91781802472944,0.000101464802867846,0.39700133653915876,-23.219603103063633,1.574720779230939,63.7767135236277,-0.7086184524838759,-0.23333852152334733,0.6658926513880863,1.7453292519943295,0,web_chase,1,tarmac,1.6,0,2449,0,0.004903256893157959,0.9996783498252299,0.0054931640625,5.444019380804804,2449,1,tarmac,1.6,0,2449.77099609375,0,0.004908740520477295,0.9996783498252299,0.00732421875,2.2777163978439674,2449.77099609375,1,tarmac,1.6,0,2642.34423828125,0,0.009060263633728027,0.9997482737762668,0.0054931640625,5.485248628851679,2642.34423828125,1,tarmac,1.6,0,2643.11279296875,0,0.009065836668014526,0.9997482737762668,0.0054931640625,2.6137454505783424,2643.11279296875,0,1000.0000000000091,0.25,0.00334001546724726,0.0014561922600501496,0.08343361168697998,tarmac,1.6,4,0,10184.22802734375,100,1,7.000000000001512
2026-04-26T21:09:04.396Z,2,0.04,WebPort,true,false,webtest,webtest,car_1,car_1,0,0,0,-25.59720802307129,0.47990596294403076,66.01837158203125,-0.7287499739748475,-1.5156210160272671e-10,0.6847798737051631,-0.6847798737000512,0.000003864144401258536,-0.7287499739694063,0.000002645977864194735,0.9999999999925342,0.0000028160989185290023,-0.000682846293784678,-0.00414362084120512,-0.0003570115368347615,-0.00051683938363567,0,0.0013373643159866333,0,0,0,0,1.7821630020148164e-9,16,0.016,0.004214656566558895,0.0007705428595273523,-0.8164947309373464,-46.78170207737968,1.5156210160272671e-10,8.68386875596921e-9,0.0000038641444012681524,0.00022139916562177156,0,0.0000017732606165181397,0.9178180303575633,7.671048038611343e-7,0.3970013389735983,-23.21941296153863,1.5740622523921988,63.77654132627488,-0.7086306249237071,-0.23327384903100773,0.665902356790014,1.7453292519943295,0,web_chase,1,tarmac,1.6,0,2458.9052734375,0,0.005105823278427124,0.9991804998818318,0.047607421875,5.444812837836054,2458.9052734375,1,tarmac,1.6,0,2459.68896484375,0,0.005104482173919678,0.9991804998818318,0.047607421875,2.2785098548752174,2459.68896484375,1,tarmac,1.6,0,2685.18505859375,0,0.009766370058059692,0.9993586520814335,0.047607421875,5.486042085882929,2685.18505859375,1,tarmac,1.6,0,2685.980712890625,0,0.00976496934890747,0.9993586520814335,0.047607421875,2.6145389076095924,2685.980712890625,0,1000.000000000008,0.25,0.0010700548588808284,0.0006697784129331367,0.03837547053158792,tarmac,1.6,4,0,10289.760009765625,100,1,6.333333333334846
2026-04-26T21:09:04.413Z,3,0.057,WebPort,true,false,webtest,webtest,car_1,car_1,0,0,0,-25.597230911254883,0.4803474545478821,66.01840209960938,-0.7287502506636081,-0.00022150774110380668,0.6847795434240491,-0.684779560068122,-9.61431373047831e-7,-0.7287502686874188,-0.0001620821943824114,0.9999999754666978,0.00015098333015064368,0.010580364614725113,-0.07238098978996277,-0.01040143333375454,-0.027901357039809227,3.5842156066029363e-12,-0.02802642248570919,0,0,0,0,1.7294921253606795e-9,18,0.018,0.0738860041804384,0.014836911092847708,-0.8164951611006048,-46.78172672391889,0.00022150774291521133,0.01269145879851047,-9.614313966346216e-7,-0.00005508596131853208,3.5842156066029363e-12,-0.000044410666530459315,0.9178179393211472,0.00010146104562141123,0.3970015339940534,-23.219507157236627,1.5747226610144307,63.776631016201485,-0.7086186235410447,-0.23333920527068905,0.6658922297597701,1.7453292519943295,0,web_chase,1,tarmac,1.6,0,2449.001708984375,0,0.004903227090835571,0.9996783235083039,0.0054931640625,5.444904390570429,2449.001708984375,1,tarmac,1.6,0,2449.771240234375,0,0.004908710718154907,0.9996783235083039,0.00732421875,2.2786319251877174,2449.771240234375,1,tarmac,1.6,0,2642.344970703125,0,0.00906023383140564,0.9997482531804117,0.0054931640625,5.486133638617304,2642.344970703125,1,tarmac,1.6,0,2643.11181640625,0,0.009065806865692139,0.9997482531804117,0.0054931640625,2.6146304603439674,2643.11181640625,0,1000.0000000000069,0.25,0.0033389150350551463,0.0014555110708805111,0.08339458250523218,tarmac,1.6,4,0,10184.229736328125,100,1,7.666666666668178
2026-04-26T21:09:04.429Z,4,0.074,WebPort,true,false,webtest,webtest,car_1,car_1,0,0,0,-25.59711265563965,0.47990596294403076,66.0182876586914,-0.7287502686148414,-2.1488579153824042e-9,0.6847795601460347,-0.6847795601409501,0.000003855906380663541,-0.7287502686094182,0.000002638879894532029,0.9999999999925662,0.0000028114643046403364,-0.0006826749886386096,-0.0041415574960410595,-0.00035678717540577054,-0.0005167257622815669,0,0.0013375175185501575,0,0,0,0,1.678377908363588e-9,16,0.016,0.004212581242143663,0.0007702871079323305,-0.8164951612070909,-46.78172673002008,2.1488579153824042e-9,1.2312048932469196e-7,0.000003855906380673095,0.00022092716181013294,0,0.0000017690834851672185,0.9178179449487178,7.663865089042593e-7,0.3970015364282553,-23.219317079530768,1.5740644268873556,63.776458849687856,-0.7086307792639558,-0.23327461412733272,0.6659019245230509,1.7453292519943295,0,web_chase,1,tarmac,1.6,0,2458.90576171875,0,0.005105793476104736,0.9991808284783893,0.047607421875,5.445697847601679,2458.90576171875,1,tarmac,1.6,0,2459.689208984375,0,0.00510445237159729,0.9991808284783893,0.047607421875,2.2794253822189674,2459.689208984375,1,tarmac,1.6,0,2685.186767578125,0,0.009766250848770142,0.9993589092439568,0.047607421875,5.486927095648554,2685.186767578125,1,tarmac,1.6,0,2685.981689453125,0,0.009764879941940308,0.9993589092439568,0.047607421875,2.6154239173752174,2685.981689453125,0,1000.0000000000061,0.25,0.0010697452445803599,0.0006697989996610042,0.03837665006367957,tarmac,1.6,4,0,10289.763427734375,100,1,7.000000000001512
2026-04-26T21:09:04.447Z,5,0.09,WebPort,true,false,webtest,webtest,car_1,car_1,0,0,0,-25.597135543823242,0.48034751415252686,66.01831817626953,-0.7287505402470953,-0.0002215251619974296,0.6847792352402119,-0.6847792518870862,-9.603296707587954e-7,-0.7287505582735703,-0.00016209419929479057,0.9999999754628399,0.0001509959939403846,0.01058017835021019,-0.07237947732210159,-0.010401174426078796,-0.027900665998458862,3.5842156066029363e-12,-0.028025923296809196,0,0,0,0,1.6287743447779311e-9,17,0.017,0.07388445939969103,0.01483659675815084,-0.8164955839905224,-46.78175095372636,0.00022152516380926165,0.0126924569422149,-9.603296943222637e-7,-0.00005502283842575417,3.5842156066029363e-12,-0.00004441364046537848,0.9178178553762911,0.00010146924952366672,0.39700172806158596,-23.21941129435495,1.5747248949790953,63.77654852253604,-0.708618771639932,-0.23333996950239122,0.6658918043587391,1.7453292519943295,0,web_chase,1,tarmac,1.6,0,2449.000732421875,0,0.004903227090835571,0.999678354215499,0.0054931640625,5.445789400336054,2449.000732421875,1,tarmac,1.6,0,2449.770263671875,0,0.004908710718154907,0.999678354215499,0.00732421875,2.2795474525314674,2449.770263671875,1,tarmac,1.6,0,2642.34375,0,0.00906023383140564,0.9997482772121297,0.0054931640625,5.487018648382929,2642.34375,1,tarmac,1.6,0,2643.110595703125,0,0.009065806865692139,0.9997482772121297,0.0054931640625,2.6155154701095924,2643.110595703125,0,1000.0000000000053,0.25,0.003338856793336941,0.0014549493177891024,0.08336239649212619,tarmac,1.6,4,0,10184.225341796875,100,1,7.3333333333348465
2026-04-26T21:09:04.462Z,6,0.106,WebPort,true,false,webtest,webtest,car_1,car_1,0,0,0,-25.597017288208008,0.47990596294403076,66.01820373535156,-0.7287505582010687,-8.934027901204427e-10,0.6847792519649166,-0.6847792519597861,0.0000038719537635312096,-0.7287505581956035,0.000002650782534051651,0.999999999992504,0.0000028223002501964125,-0.0006828733021393418,-0.004144459962844849,-0.00035718470462597907,-0.0005172419478185475,0,0.0013373735127970576,0,0,0,0,1.5806367880481412e-9,16,0.016,0.0042155005922923745,0.0007706470398265581,-0.8164955840968928,-46.78175095982094,8.934027901204427e-10,5.118820927911345e-8,0.000003871953763540884,0.0002218466091206878,0,0.0000017766968193565228,0.917817861004732,7.689961627833198e-7,0.39700173049616566,-23.219221215022923,1.5740666719288237,63.7763763829352,-0.708630925278231,-0.23327540421255272,0.6659014923611363,1.7453292519943295,0,web_chase,1,tarmac,1.6,0,2458.90478515625,0,0.005105823278427124,0.9991809988058421,0.047607421875,5.446582857367304,2458.90478515625,1,tarmac,1.6,0,2459.68896484375,0,0.00510445237159729,0.9991809988058421,0.047607421875,2.2803409095627174,2459.68896484375,1,tarmac,1.6,0,2685.183349609375,0,0.009766370058059692,0.9993590425437024,0.047607421875,5.487812105414179,2685.183349609375,1,tarmac,1.6,0,2685.978271484375,0,0.009764999151229858,0.9993590425437024,0.047607421875,2.6163089271408424,2685.978271484375,0,1000.0000000000047,0.25,0.0010691170395550342,0.0006696891247529018,0.038370354697994734,tarmac,1.6,4,0,10289.75537109375,100,1,6.66666666666818
2026-04-26T21:09:04.480Z,7,0.123,WebPort,true,false,webtest,webtest,car_1,car_1,0,0,0,-25.5970401763916,0.4803474545478821,66.01823425292969,-0.7287508348906664,-0.0002215031969970392,0.6847789216838457,-0.6847789383280688,-9.561768299134867e-7,-0.7287508529129614,-0.0001620754134730673,0.9999999754677096,0.00015098390941280305,0.010580518282949924,-0.0723816379904747,-0.010401497595012188,-0.027901530265808105,3.5842156066029363e-12,-0.028026830404996872,0,0,0,0,1.5339219111237787e-9,17,0.017,0.07388667022906778,0.014837065725906923,-0.8164960142607139,-46.78177560639239,0.00022150319880833238,0.012691198440364652,-9.561768533704035e-7,-0.000054784898166223486,3.5842156066029363e-12,-0.000044407396445533076,0.9178177699684759,0.00010145998437757313,0.3970019255166765,-23.219315447374257,1.5747271475488733,63.77646606098104,-0.7086189130749414,-0.23334078430360194,0.6658913683274988,1.7453292519943295,0,web_chase,1,tarmac,1.6,0,2449.001953125,0,0.004903227090835571,0.9996784606365514,0.0054931640625,5.446674410101679,2449.001953125,1,tarmac,1.6,0,2449.771240234375,0,0.004908710718154907,0.9996784606365514,0.00732421875,2.2804629798752174,2449.771240234375,1,tarmac,1.6,0,2642.34521484375,0,0.00906023383140564,0.9997483604981706,0.0054931640625,5.487903658148554,2642.34521484375,1,tarmac,1.6,0,2643.11181640625,0,0.009065836668014526,0.9997483604981706,0.0054931640625,2.6164004798752174,2643.11181640625,0,1000.0000000000041,0.25,0.0033391115858095264,0.0014557999494801011,0.08341113399470883,tarmac,1.6,4,0,10184.230224609375,100,1,7.000000000001515
2026-04-26T21:09:04.496Z,8,0.14,WebPort,true,false,webtest,webtest,car_1,car_1,0,0,0,-25.596921920776367,0.47990596294403076,66.01811981201172,-0.7287508528407722,4.109198937077212e-9,0.684778938405561,-0.6847789384004246,0.0000038688306710986346,-0.7287508528353293,0.000002652288342055662,0.9999999999925161,0.00000281659975817386,-0.0006826358730904758,-0.004141510929912329,-0.00035686817136593163,-0.0005171074881218374,0,0.001337621477432549,0,0,0,0,1.4885876674622627e-9,17,0.017,0.004212535983175377,0.0007702899629127074,-0.8164960143666041,-46.78177561245945,-4.109198937077212e-9,-2.354397562741682e-7,0.000003868830671108286,0.00022166766910527064,0,0.000001776256460309104,0.9178177755958017,7.660808697595373e-7,0.3970019279507754,-23.21912535451603,1.574068972268737,63.77629393392926,-0.7086310722861018,-0.23327621393730213,0.6659010522605651,1.7453292519943295,0,web_chase,1,tarmac,1.6,0,2458.9052734375,0,0.005105823278427124,0.9991807211426825,0.047607421875,5.447467867132929,2458.9052734375,1,tarmac,1.6,0,2459.689453125,0,0.00510445237159729,0.9991807211426825,0.047607421875,2.2812564369064674,2459.689453125,1,tarmac,1.6,0,2685.187255859375,0,0.009766250848770142,0.9993588252420994,0.047607421875,5.488697115179804,2685.187255859375,1,tarmac,1.6,0,2685.982421875,0,0.009764879941940308,0.9993588252420994,0.047607421875,2.6171939369064674,2685.982421875,0,1000.0000000000036,0.25,0.001070057025133013,0.000669706753646469,0.03837136475874061,tarmac,1.6,4,0,10289.764404296875,100,1,7.33333333333485
2026-04-26T21:09:04.514Z,9,0.157,WebPort,true,false,webtest,webtest,car_1,car_1,0,0,0,-25.59694480895996,0.48034751415252686,66.01815032958984,-0.7287511244737547,-0.00022151974469247635,0.6847786135001889,-0.6847786301464344,-9.59067741160529e-7,-0.7287511424991754,-0.00016208951610881248,0.9999999754640412,0.00015099306562608457,0.010580184869468212,-0.07237955182790756,-0.010401185601949692,-0.02790071628987789,1.7921078033014681e-12,-0.028025928884744644,0,0,0,0,1.4445932531841448e-9,17,0.017,0.0738845348947064,0.014836609241950455,-0.8164964371502268,-46.781799836176674,0.0002215197465041755,0.012692146553497128,-9.590677646918821e-7,-0.000054950535183890796,1.7921078033014681e-12,-0.00004441202929864475,0.917817686023573,0.00010146699502285288,0.39700211958420906,-23.21921959138946,1.574729489229984,63.776383604169034,-0.70861905954699,-0.23334158645737085,0.6658909313666143,1.7453292519943295,0,web_chase,1,tarmac,1.6,0,2449.000732421875,0,0.004903227090835571,0.9996783440986508,0.0054931640625,5.447559419867304,2449.000732421875,1,tarmac,1.6,0,2449.770263671875,0,0.004908710718154907,0.9996783440986508,0.00732421875,2.2813785072189674,2449.770263671875,1,tarmac,1.6,0,2642.34375,0,0.00906023383140564,0.9997482692945963,0.0054931640625,5.488788667914179,2642.34375,1,tarmac,1.6,0,2643.11083984375,0,0.009065806865692139,0.9997482692945963,0.0054931640625,2.6172854896408424,2643.11083984375,0,1000.0000000000032,0.25,0.003339023543475199,0.0014550132598342795,0.08336606009369253,tarmac,1.6,4,0,10184.2255859375,100,1,7.666666666668185
2026-04-26T21:09:04.529Z,10,0.174,WebPort,true,false,webtest,webtest,car_1,car_1,0,0,0,-25.596826553344727,0.47990599274635315,66.0180435180664,-0.7287511424267782,-6.871896150520298e-9,0.684778630224152,-0.6847786302190386,0.000003871842704422083,-0.7287511424212976,0.000002646347241407238,0.9999999999925044,0.00000282631552177734,-0.0006826712633483112,-0.00414372980594635,-0.0003576092713046819,-0.0005193843389861286,0,0.0013381318422034383,0,0,0,0,1.4018990703468626e-9,16,0.016,0.004214786014664662,0.0007706649367427098,-0.8164964372564664,-46.78179984226375,6.871896150520298e-9,3.937306466770102e-7,0.000003871842704431757,0.0002218402459024583,0,0.000001775458788035278,0.9178176916517374,7.717184588230031e-7,0.397002122018672,-23.219029524921023,1.574071346074796,63.776219102653485,-0.7086312099493518,-0.233277038178694,0.6659006170175051,1.7453292519943295,0,web_chase,1,tarmac,1.6,0,2458.90478515625,0,0.005105823278427124,0.9991809604404025,0.047607421875,5.448352876898554,2458.90478515625,1,tarmac,1.6,0,2459.6884765625,0,0.005104482173919678,0.9991809604404025,0.047607421875,2.2821719642502174,2459.6884765625,1,tarmac,1.6,0,2685.183349609375,0,0.009766370058059692,0.9993590125185758,0.047607421875,5.489582124945429,2685.183349609375,1,tarmac,1.6,0,2685.97900390625,0,0.00976496934890747,0.9993590125185758,0.047607421875,2.6180789466720924,2685.97900390625,0,1000.0000000000028,0.25,0.001069142027369057,0.0006697216120992305,0.038372216084992104,tarmac,1.6,4,0,10289.755615234375,100,1,7.000000000001519
2026-04-26T21:09:04.546Z,11,0.19,WebPort,true,false,webtest,webtest,car_1,car_1,0,0,0,-25.59684944152832,0.48034751415252686,66.01806640625,-0.7287514191144417,-0.00022151001332700954,0.6847782999423984,-0.6847783165865056,-9.631474839195922e-7,-0.7287514371389082,-0.00016208528304934914,0.9999999754661929,0.00015098335893740106,0.010580599308013916,-0.0723823606967926,-0.010401524603366852,-0.02790151908993721,1.7921078033014681e-12,-0.028027096763253212,0,0,0,0,1.3604666913039186e-9,16,0.016,0.07388739361915386,0.014837142440213698,-0.8164968674194816,-46.78182448878903,0.00022151001513846994,0.0126915889873133,-9.631475075489697e-7,-0.00005518428723110056,1.7921078033014681e-12,-0.000044411991670241914,0.9178176006150537,0.00010146170982524006,0.39700231703898436,-23.21912374245867,1.5747316469919133,63.776301083129546,-0.7086192030352777,-0.23334234624346864,0.6658905124262106,1.7453292519943295,0,web_chase,1,tarmac,1.6,0,2449.000244140625,0,0.004903256893157959,0.999678448223807,0.0054931640625,5.448444429632929,2449.000244140625,1,tarmac,1.6,0,2449.77099609375,0,0.004908740520477295,0.999678448223807,0.00732421875,2.2822940345627174,2449.77099609375,1,tarmac,1.6,0,2642.34423828125,0,0.009060263633728027,0.9997483507838489,0.0054931640625,5.489673677679804,2642.34423828125,1,tarmac,1.6,0,2643.11279296875,0,0.009065836668014526,0.9997483507838489,0.0054931640625,2.6181704994064674,2643.11279296875,0,1000.0000000000025,0.25,0.003339986234584365,0.0014561416274785472,0.08343071066047267,tarmac,1.6,4,0,10184.228271484375,100,1,6.333333333334853
2026-04-26T21:09:04.563Z,12,0.207,WebPort,true,false,webtest,webtest,car_1,car_1,0,0,0,-25.596731185913086,0.47990596294403076,66.01795959472656,-0.7287514370661967,1.4300718425453929e-9,0.6847783166645637,-0.6847783166594842,0.000003850117886322265,-0.7287514370607991,0.0000026375194120662438,0.9999999999925883,0.000002804799660342579,-0.0006828630575910211,-0.004143574275076389,-0.00035688027855940163,-0.0005162727902643383,0,0.001337134512141347,0,0,0,0,1.3202588241174049e-9,17,0.017,0.004214602384771548,0.0007704969102126201,-0.8164968675261521,-46.781824494900796,-1.4300718425453929e-9,-8.193708097834821e-8,0.0000038501178863317765,0.00022059550551464002,0,0.0000017671368620141366,0.9178176062427431,7.635965930028701e-7,0.3970023194732434,-23.218933641203165,1.5740733253518304,63.776136557080484,-0.7086313660102689,-0.2332777455436802,0.6659002031389375,1.7453292519943295,0,web_chase,1,tarmac,1.6,0,2458.905517578125,0,0.005105823278427124,0.9991805180768252,0.047607421875,5.449237886664179,2458.905517578125,1,tarmac,1.6,0,2459.689208984375,0,0.005104482173919678,0.9991805180768252,0.047607421875,2.2830874915939674,2459.689208984375,1,tarmac,1.6,0,2685.18603515625,0,0.009766340255737305,0.9993586663209937,0.047607421875,5.490467134711054,2685.18603515625,1,tarmac,1.6,0,2685.9814453125,0,0.009764939546585083,0.9993586663209937,0.047607421875,2.6189639564377174,2685.9814453125,0,1000.0000000000022,0.25,0.0010702102306328343,0.0006696614708195502,0.03836877024503732,tarmac,1.6,4,0,10289.76220703125,100,1,6.6666666666681875
2026-04-26T21:09:04.580Z,13,0.223,WebPort,true,false,webtest,webtest,car_1,car_1,0,0,0,-25.59675407409668,0.4803474545478821,66.01798248291016,-0.7287517087023122,-0.00022150155081960751,0.6847779917612155,-0.6847780084056507,-9.531931123996226e-7,-0.7287517267239112,-0.00016207236329708285,0.9999999754680771,0.0001509847497196294,0.010580451227724552,-0.0723813995718956,-0.01040138304233551,-0.02790112979710102,1.7921078033014681e-12,-0.028026718646287918,0,0,0,0,1.281239278992741e-9,17,0.017,0.07388641093842663,0.01483693760098905,-0.8164972903104663,-46.78184871865764,0.00022150155263086035,0.012691104121343175,-9.531931357829944e-7,-0.000054613943741205986,1.7921078033014681e-12,-0.00004440576515708977,0.9178175166713347,0.00010145979287095645,0.3970025111070492,-23.21902783086858,1.5747336792091464,63.77621860160705,-0.7086193635125673,-0.23334308273106147,0.6658900835698104,1.7453292519943295,0,web_chase,1,tarmac,1.6,0,2449.002197265625,0,0.004903227090835571,0.9996783391140275,0.0054931640625,5.449329439398554,2449.002197265625,1,tarmac,1.6,0,2449.77099609375,0,0.004908710718154907,0.9996783391140275,0.00732421875,2.2832095619064674,2449.77099609375,1,tarmac,1.6,0,2642.344970703125,0,0.00906023383140564,0.9997482653935867,0.0054931640625,5.490558687445429,2642.344970703125,1,tarmac,1.6,0,2643.111572265625,0,0.009065806865692139,0.9997482653935867,0.0054931640625,2.6190555091720924,2643.111572265625,0,1000.0000000000019,0.25,0.0033387077393288458,0.0014553417553910405,0.08338488146282871,tarmac,1.6,4,0,10184.229736328125,100,1,7.000000000001522
2026-04-26T21:09:04.597Z,14,0.241,WebPort,true,false,webtest,webtest,car_1,car_1,0,0,0,-25.596635818481445,0.47990596294403076,66.01787567138672,-0.7287517266519559,-2.6743705835950935e-9,0.68477800848289,-0.6847780084777861,0.000003863789407500397,-0.7287517266465091,0.000002643889063484919,0.9999999999925355,0.0000028175745522976172,-0.0006826358730904758,-0.004141533747315407,-0.0003568830725271255,-0.0005171553930267692,0,0.0013376274146139622,0,0,0,0,1.2433729357054165e-9,17,0.017,0.004212559678252499,0.0007702968665952093,-0.8164972904160382,-46.78184872470647,2.6743705835950935e-9,1.5323014729393778e-7,0.000003863789407510011,0.00022137882597767658,0,0.0000017725959444224565,0.9178175222985792,7.681943453798394e-7,0.3970025135411171,-23.218837722730168,1.5740753894432538,63.77605407365432,-0.7086315285687511,-0.23327847160077586,0.6658997757965693,1.7453292519943295,0,web_chase,1,tarmac,1.6,0,2458.905517578125,0,0.005105823278427124,0.9991809023048986,0.047607421875,5.450122896429804,2458.905517578125,1,tarmac,1.6,0,2459.689453125,0,0.00510445237159729,0.9991809023048986,0.047607421875,2.2840030189377174,2459.689453125,1,tarmac,1.6,0,2685.18701171875,0,0.009766250848770142,0.999358967021225,0.047607421875,5.491352144476679,2685.18701171875,1,tarmac,1.6,0,2685.98193359375,0,0.009764879941940308,0.999358967021225,0.047607421875,2.6198489662033424,2685.98193359375,0,1000.0000000000017,0.25,0.001069801895119498,0.0006696690522320168,0.03836920462777961,tarmac,1.6,4,0,10289.763916015625,100,1,7.333333333334857
2026-04-26T21:09:04.613Z,15,0.257,WebPort,true,false,webtest,webtest,car_1,car_1,0,0,0,-25.59665870666504,0.48034751415252686,66.01789855957031,-0.7287520033388867,-0.0002215160185756706,0.684777678199438,-0.6847776948455652,-9.561836933120352e-7,-0.7287520213632892,-0.00016208501955080622,0.9999999754648693,0.00015099240778955396,0.010580292902886868,-0.072380430996418,-0.010401226580142975,-0.02790071815252304,3.5842156066029363e-12,-0.028026292100548744,0,0,0,0,1.2066257119904177e-9,16,0.016,0.07388541739416228,0.014836715009810998,-0.8164977205798103,-46.78187337127511,0.00022151602038727832,0.012691933062724947,-9.561837167718362e-7,-0.000054785291410158684,3.5842156066029363e-12,-0.00004441003125753024,0.9178174312615054,0.00010146582906287413,0.39700270856124725,-23.218931891534144,1.5747355444092652,63.77613603574998,-0.7086195347389765,-0.2333437172625766,0.6658896790012585,1.7453292519943295,0,web_chase,1,tarmac,1.6,0,2449.000732421875,0,0.004903227090835571,0.9996783853053798,0.0054931640625,5.450214449164179,2449.000732421875,1,tarmac,1.6,0,2449.770263671875,0,0.004908710718154907,0.9996783853053798,0.00732421875,2.2841250892502174,2449.770263671875,1,tarmac,1.6,0,2642.34375,0,0.00906023383140564,0.9997483015433407,0.0054931640625,5.491443697211054,2642.34375,1,tarmac,1.6,0,2643.110107421875,0,0.009065836668014526,0.9997483015433407,0.0054931640625,2.6199405189377174,2643.110107421875,0,1000.0000000000015,0.25,0.003339042038552268,0.0014550343739824423,0.08336726984270912,tarmac,1.6,4,0,10184.224853515625,100,1,6.666666666668191
2026-04-26T21:09:04.630Z,16,0.274,WebPort,true,false,webtest,webtest,car_1,car_1,0,0,0,-25.596540451049805,0.47990596294403076,66.01779174804688,-0.7287520212911058,-3.6204058453950647e-9,0.6847776949230516,-0.6847776949179722,0.000003855485850068318,-0.72875202128568,0.0000026375123351405186,0.9999999999925676,0.000002812172279466022,-0.0006828472251072526,-0.00414411211386323,-0.0003571418928913772,-0.0005171800148673356,0,0.0013373702531680465,0,0,0,0,1.1709645328658894e-9,17,0.017,0.004215150753740924,0.0007706040906293652,-0.8164977206857224,-46.78187337734342,3.620405845395064e-9,2.0743397506562998e-7,0.000003855485850077869,0.00022090306718187036,0,0.0000017685974149755148,0.9178174368894927,7.669806031508325e-7,0.397002710995638,-23.218741752178836,1.5740770306803509,63.775971470065905,-0.7086317092148549,-0.2332790489915882,0.6658993812858018,1.7453292519943295,0,web_chase,1,tarmac,1.6,0,2458.9052734375,0,0.005105823278427124,0.9991809521059772,0.047607421875,5.451007906195429,2458.9052734375,1,tarmac,1.6,0,2459.688720703125,0,0.005104482173919678,0.9991809521059772,0.047607421875,2.2849185462814674,2459.688720703125,1,tarmac,1.6,0,2685.183837890625,0,0.009766370058059692,0.9993590059959822,0.047607421875,5.492237154242304,2685.183837890625,1,tarmac,1.6,0,2685.9794921875,0,0.00976496934890747,0.9993590059959822,0.047607421875,2.6207339759689674,2685.9794921875,0,1000.0000000000014,0.25,0.001069354898940958,0.0006696710381896721,0.038369318414720514,tarmac,1.6,4,0,10289.75732421875,100,1,7.000000000001526
2026-04-26T21:09:04.647Z,17,0.29,WebPort,true,false,webtest,webtest,car_1,car_1,0,0,0,-25.5965633392334,0.4803474545478821,66.01781463623047,-0.7287522979792348,-0.00022150062474721752,0.6847773646430334,-0.6847773812844096,-9.711079251056758e-7,-0.7287523160034027,-0.00016208408600647319,0.9999999754682648,0.0001509709206352537,0.010580574162304401,-0.07238221168518066,-0.010401492938399315,-0.027901433408260345,3.5842156066029363e-12,-0.028027042746543884,0,0,0,0,1.1363573008634177e-9,16,0.016,0.07388723958431455,0.014837102309804106,-0.816498150847823,-46.7818980238163,0.00022150062655844758,0.012691051061302399,-9.711079489283334e-7,-0.0000556403869251994,3.5842156066029363e-12,-0.000044413846248463404,0.9178173458531533,0.00010145579266543546,0.3970029060160712,-23.218835893454646,1.5747369731617864,63.7760533950874,-0.7086197237623775,-0.23334424170542317,0.6658892940706083,1.7453292519943295,0,web_chase,1,tarmac,1.6,0,2449.001953125,0,0.004903227090835571,0.999678437706708,0.0054931640625,5.451099458929804,2449.001953125,1,tarmac,1.6,0,2449.771240234375,0,0.004908710718154907,0.999678437706708,0.00732421875,2.2850406165939674,2449.771240234375,1,tarmac,1.6,0,2642.344970703125,0,0.00906023383140564,0.9997483425530758,0.0054931640625,5.492328706976679,2642.344970703125,1,tarmac,1.6,0,2643.1123046875,0,0.009065806865692139,0.9997483425530758,0.0054931640625,2.6208255287033424,2643.1123046875,0,1000.0000000000013,0.25,0.003339087827032624,0.0014557008951096941,0.08340545860936951,tarmac,1.6,4,0,10184.23046875,100,1,6.33333333333486
2026-04-26T21:09:04.663Z,18,0.308,WebPort,true,false,webtest,webtest,car_1,car_1,0,0,0,-25.596445083618164,0.47990596294403076,66.01770782470703,-0.728752315930097,8.20496793852913e-10,0.6847773813631112,-0.6847773813580482,0.000003844608149032642,-0.7287523159247136,0.000002633298639600579,0.9999999999926096,0.0000028012052348053527,-0.000682669400703162,-0.0041414182633161545,-0.0003567164239939302,-0.0005164651665836573,0,0.0013374118134379387,0,0,0,0,1.102772867138142e-9,18,0.018,0.004212437459420855,0.0007702493867595298,-0.8164981509553719,-46.7818980299784,-8.204967938529131e-10,-4.701100339178747e-8,0.000003844608149042113,0.00022027982082171646,0,0.0000017644869042257812,0.9178173514803706,7.627837754142176e-7,0.3970029084501302,-23.21864567570737,1.5740782478466733,63.77588880259174,-0.7086319215239731,-0.23327947739404684,0.6658990052733238,1.7453292519943295,0,web_chase,1,tarmac,1.6,0,2458.905517578125,0,0.005105823278427124,0.9991807527756501,0.047607421875,5.451892915961054,2458.905517578125,1,tarmac,1.6,0,2459.689453125,0,0.00510445237159729,0.9991807527756501,0.047607421875,2.2858340736252174,2459.689453125,1,tarmac,1.6,0,2685.187744140625,0,0.009766250848770142,0.9993588499983349,0.047607421875,5.493122164007929,2685.187744140625,1,tarmac,1.6,0,2685.982666015625,0,0.009764879941940308,0.9993588499983349,0.047607421875,2.6216189857345924,2685.982666015625,0,1000.0000000000011,0.25,0.0010701307796408023,0.0006696889846853002,0.03837034667271591,tarmac,1.6,4,0,10289.765380859375,100,1,7.666666666668192
2026-04-26T21:09:04.680Z,19,0.324,WebPort,true,false,webtest,webtest,car_1,car_1,0,0,0,-25.596467971801758,0.48034751415252686,66.01773071289062,-0.728752587561395,-0.0002215256120683841,0.6847770564563146,-0.6847770731032136,-9.602645249009163e-7,-0.728752605587983,-0.00016209493411408878,0.9999999754627404,0.00015099586499232106,0.010580237954854965,-0.07238009572029114,-0.010401168838143349,-0.02790057100355625,3.5842156066029363e-12,-0.028026146814227104,0,0,0,0,1.0701810034326925e-9,16,0.016,0.07388507295022065,0.014836635345687979,-0.8164985737389318,-46.781922253692024,0.00022152561388022723,0.012692482729381708,-9.602645484628816e-7,-0.00005501910584295882,3.5842156066029363e-12,-0.0000444138515928797,0.9178172619076017,0.00010146940260375261,0.39700310008336603,-23.21873976339856,1.5747380457623184,63.77597070618218,-0.7086199505333851,-0.2333445966914574,0.6658889283513911,1.7453292519943295,0,web_chase,1,tarmac,1.6,0,2449.0009765625,0,0.004903227090835571,0.9996783405265096,0.0054931640625,5.451984468695429,2449.0009765625,1,tarmac,1.6,0,2449.77001953125,0,0.004908710718154907,0.9996783405265096,0.00732421875,2.2859561439377174,2449.77001953125,1,tarmac,1.6,0,2642.34375,0,0.00906023383140564,0.9997482664990075,0.0054931640625,5.493213716742304,2642.34375,1,tarmac,1.6,0,2643.11083984375,0,0.009065777063369751,0.9997482664990075,0.0054931640625,2.6217105384689674,2643.11083984375,0,1000.000000000001,0.25,0.003338763714415513,0.001454837125060669,0.08335596833590145,tarmac,1.6,4,0,10184.2255859375,100,1,7.000000000001526
2026-04-26T21:09:04.696Z,20,0.34,WebPort,true,false,webtest,webtest,car_1,car_1,0,0,0,-25.596349716186523,0.47990596294403076,66.01762390136719,-0.7287526055154919,-5.235947758975005e-9,0.6847770731810331,-0.684777073175925,0.000003868125397276234,-0.7287526055100262,0.0000026449878776723735,0.999999999992519,0.0000028224919187073964,-0.0006828267360106111,-0.004143984988331795,-0.00035718100843951106,-0.0005174020770937204,0,0.0013374673435464501,0,0,0,0,1.038552374869717e-9,16,0.016,0.004215025765961584,0.0007706040644849797,-0.8164985738453034,-46.78192225978667,5.235947758975005e-9,2.999977083402494e-7,0.0000038681253972858795,0.0002216272598918457,0,0.0000017740767975616335,0.9178172675360653,7.702317134590346e-7,0.39700310251796556,-23.21854957654091,1.5740792902388658,63.775806089126405,-0.7086321368023547,-0.2332798437374763,0.6658986478412068,1.7453292519943295,0,web_chase,1,tarmac,1.6,0,2458.905029296875,0,0.005105823278427124,0.9991810424770975,0.047607421875,5.452777925726679,2458.905029296875,1,tarmac,1.6,0,2459.689208984375,0,0.00510445237159729,0.9991810424770975,0.047607421875,2.2867496009689674,2459.689208984375,1,tarmac,1.6,0,2685.18359375,0,0.009766370058059692,0.9993590767212067,0.047607421875,5.494007173773554,2685.18359375,1,tarmac,1.6,0,2685.978515625,0,0.009764999151229858,0.9993590767212067,0.047607421875,2.6225039955002174,2685.978515625,0,1000.0000000000009,0.25,0.0010691939195975608,0.0006696880330692313,0.0383702921491559,tarmac,1.6,4,0,10289.75634765625,100,1,6.33333333333486
2026-04-26T21:09:04.713Z,21,0.357,WebPort,true,false,webtest,webtest,car_1,car_1,0,0,0,-25.596372604370117,0.4803474545478821,66.01764678955078,-0.7287528771518448,-0.00022150065872105938,0.6847767482766676,-0.6847767649222309,-9.45211224307303e-7,-0.7287528951721223,-0.0001620665049941201,0.9999999754682822,0.00015098967910792007,0.010580574162304401,-0.07238215208053589,-0.010401463136076927,-0.02790132164955139,1.7921078033014681e-12,-0.028027057647705078,0,0,0,0,1.0078585135485129e-9,17,0.017,0.07388717699834671,0.014837081417016985,-0.8164989966305635,-46.781946483597714,0.00022150066053229029,0.0126910530078602,-9.452112474946771e-7,-0.000054156615229740506,1.7921078033014681e-12,-0.000044402011678388155,0.9178171779645418,0.00010146093001197076,0.3970032941517564,-23.21864368435728,1.5747392048099036,63.77588803809189,-0.7086201596348449,-0.23334502670239288,0.6658885551444377,1.7453292519943295,0,web_chase,1,tarmac,1.6,0,2449.001708984375,0,0.004903227090835571,0.9996784518422734,0.0054931640625,5.452869478461054,2449.001708984375,1,tarmac,1.6,0,2449.771240234375,0,0.004908710718154907,0.9996784518422734,0.00732421875,2.2868716712814674,2449.771240234375,1,tarmac,1.6,0,2642.344970703125,0,0.00906023383140564,0.9997483536156923,0.0054931640625,5.494098726507929,2642.344970703125,1,tarmac,1.6,0,2643.111572265625,0,0.009065836668014526,0.9997483536156923,0.0054931640625,2.6225955482345924,2643.111572265625,0,1000.0000000000008,0.25,0.003339170005497995,0.0014557293097140584,0.08340708664282616,tarmac,1.6,4,0,10184.2294921875,100,1,6.666666666668195
2026-04-26T21:09:04.729Z,22,0.374,WebPort,true,false,webtest,webtest,car_1,car_1,0,0,0,-25.596254348754883,0.47990596294403076,66.01753997802734,-0.7287528951007677,-2.7873897007214456e-9,0.6847767649988205,-0.6847767649937242,0.000003860998303462154,-0.7287528950953285,0.000002641890609596587,0.9999999999925463,0.0000028156224313292327,-0.0006826107273809612,-0.004141970071941614,-0.00035708790528587997,-0.0005178547580726445,0,0.0013377723516896367,0,0,0,0,9.780717929219928e-10,17,0.017,0.004213001929040271,0.000770369506949115,-0.8164989967352515,-46.781946489595896,2.7873897007214456e-9,1.5970566570957246e-7,0.000003860998303471748,0.00022121890749610216,0,0.0000017712919929246322,0.9178171835917394,7.676936843785522e-7,0.39700329658580974,-23.21845350017902,1.574080500644733,63.77572341909574,-0.7086323486919069,-0.23328026964747833,0.6658982731473264,1.7453292519943295,0,web_chase,1,tarmac,1.6,0,2458.906005859375,0,0.005105793476104736,0.9991807347694067,0.047607421875,5.453662935492304,2458.906005859375,1,tarmac,1.6,0,2459.689453125,0,0.00510445237159729,0.9991807347694067,0.047607421875,2.2876651283127174,2459.689453125,1,tarmac,1.6,0,2685.1875,0,0.009766250848770142,0.9993588359064922,0.047607421875,5.494892183539179,2685.1875,1,tarmac,1.6,0,2685.982666015625,0,0.009764879941940308,0.9993588359064922,0.047607421875,2.6233890052658424,2685.982666015625,0,1000.0000000000007,0.25,0.0010700894189494062,0.0006696668899643949,0.03836908073902626,tarmac,1.6,4,0,10289.765625,100,1,7.000000000001529
2026-04-26T21:09:04.747Z,23,0.39,WebPort,true,false,webtest,webtest,car_1,car_1,0,0,0,-25.596277236938477,0.48034751415252686,66.01756286621094,-0.7287531717874645,-0.00022151324087790953,0.6847764347154437,-0.6847764513609229,-9.574046649113462e-7,-0.7287531898116296,-0.00016208408902830638,0.9999999754654835,0.00015098933933159394,0.0105803944170475,-0.07238075882196426,-0.010401244275271893,-0.02790076471865177,1.7921078033014681e-12,-0.02802656590938568,0,0,0,0,9.491654029309293e-10,17,0.017,0.07388575556991703,0.014836799806365463,-0.8164994268988501,-46.781971136154596,0.00022151324268944914,0.012691773912362573,-9.574046884005149e-7,-0.00005485524793138719,1.7921078033014681e-12,-0.00004441012676049898,0.9178170925546454,0.00010146427409972354,0.39700349160590415,-23.218547611339616,1.5747404814711614,63.77580537041098,-0.7086203717379943,-0.23334545415958508,0.6658881796375155,1.7453292519943295,0,web_chase,1,tarmac,1.6,0,2449.000732421875,0,0.004903227090835571,0.9996783518564759,0.0054931640625,5.453754488226679,2449.000732421875,1,tarmac,1.6,0,2449.7705078125,0,0.004908710718154907,0.9996783518564759,0.00732421875,2.2877871986252174,2449.7705078125,1,tarmac,1.6,0,2642.343994140625,0,0.00906023383140564,0.9997482753659377,0.0054931640625,5.494983736273554,2642.343994140625,1,tarmac,1.6,0,2643.11083984375,0,0.009065836668014526,0.9997482753659377,0.0054931640625,2.6234805580002174,2643.11083984375,0,1000.0000000000006,0.25,0.0033393567342517383,0.0014552976365742767,0.08338235364618483,tarmac,1.6,4,0,10184.22607421875,100,1,7.333333333334864
