timestamp_utc,sample_index,race_time_seconds,game_state,is_racing,is_paused,level_id,level_name,car_id,car_name,player_steer,player_throttle,player_brake,position_x,position_y,position_z,forward_x,forward_y,forward_z,right_x,right_y,right_z,up_x,up_y,up_z,velocity_x,velocity_y,velocity_z,angular_velocity_x,angular_velocity_y,angular_velocity_z,vehicle_applied_throttle,vehicle_applied_brake,vehicle_applied_handbrake,vehicle_control_candidate_1dfc,vehicle_applied_steer,vehicle_frame_delta_ms,vehicle_frame_delta_seconds,speed_magnitude,planar_speed_magnitude,yaw_radians,yaw_degrees,pitch_radians,pitch_degrees,roll_radians,roll_degrees,yaw_rate,quat_x,quat_y,quat_z,quat_w,camera_position_x,camera_position_y,camera_position_z,camera_forward_x,camera_forward_y,camera_forward_z,camera_fov,camera_mode_index,camera_family,wheel_0_contact_flag,wheel_0_contact_ptr,wheel_0_contact_surface_44_candidate,wheel_0_contact_surface_48_candidate,wheel_0_contact_surface_4c_candidate,wheel_0_contact_surface_50_candidate,wheel_0_suspension_length_candidate,wheel_0_tire_force_multiplier_candidate,wheel_0_load_or_spin_candidate,wheel_0_rotation_or_phase_candidate,wheel_0_vertical_load_candidate,wheel_1_contact_flag,wheel_1_contact_ptr,wheel_1_contact_surface_44_candidate,wheel_1_contact_surface_48_candidate,wheel_1_contact_surface_4c_candidate,wheel_1_contact_surface_50_candidate,wheel_1_suspension_length_candidate,wheel_1_tire_force_multiplier_candidate,wheel_1_load_or_spin_candidate,wheel_1_rotation_or_phase_candidate,wheel_1_vertical_load_candidate,wheel_2_contact_flag,wheel_2_contact_ptr,wheel_2_contact_surface_44_candidate,wheel_2_contact_surface_48_candidate,wheel_2_contact_surface_4c_candidate,wheel_2_contact_surface_50_candidate,wheel_2_suspension_length_candidate,wheel_2_tire_force_multiplier_candidate,wheel_2_load_or_spin_candidate,wheel_2_rotation_or_phase_candidate,wheel_2_vertical_load_candidate,wheel_3_contact_flag,wheel_3_contact_ptr,wheel_3_contact_surface_44_candidate,wheel_3_contact_surface_48_candidate,wheel_3_contact_surface_4c_candidate,wheel_3_contact_surface_50_candidate,wheel_3_suspension_length_candidate,wheel_3_tire_force_multiplier_candidate,wheel_3_load_or_spin_candidate,wheel_3_rotation_or_phase_candidate,wheel_3_vertical_load_candidate,web_gear,web_engine_rpm,web_clutch,web_slip_long_avg,web_slip_lat_avg,web_slip_angle_deg,web_surface_type,web_surface_grip,web_wheel_contacts,web_forward_impulse,web_suspension_force,web_camera_fov_degrees,web_sim_steps,web_sim_backlog_ms
2026-04-27T17:37:50.837Z,0,0.011,WebPort,true,false,webtest,webtest,car_1,car_1,0,0,0,-0.0004806313954759389,0.3858868181705475,0.11277958750724792,0.00013973701387860106,-0.03559145854924369,0.999366413560064,-0.9999999870947186,-0.00008419572155040703,0.00013682705530853044,-0.0000792725018155035,0.9993664197827633,0.03559146985518464,0.000001734348870741087,-0.1361706256866455,0.014761202037334442,-0.0005280956975184381,2.211359095838361e-9,-0.00000190785658560344,0,0,0,0,-3.985167840810543e-44,17,0.017,0.13696836272835963,0.014761202139222012,0.00013982560457494018,0.008011417010009207,0.035598977093976976,2.039671142467773,-0.00008424909991422811,-0.004827117852861256,2.211359095838361e-9,-0.000040873530617142645,0.9998415900078306,0.017798551569521842,-0.0000691519716600721,-0.001000936366182961,1.5204468305735523,-3.1481821880782834,0.00017439080746876513,-0.2455853889946572,0.9693749461896513,1.7453292519943295,0,web_chase,1,tarmac,1.6,0,4752.0537109375,0,-0.12780608236789703,0.9987300043945863,-0.047607421875,0.39034369734945074,4752.0537109375,1,tarmac,1.6,0,4754.07666015625,0,-0.1279260367155075,0.9987300043945863,-0.047607421875,1.5709262524423906,4754.07666015625,1,tarmac,1.6,0,3677.38720703125,0,-0.04268750548362732,0.9990060903957632,-0.047607421875,0.6559076621932007,3677.38720703125,1,tarmac,1.6,0,3679.659912109375,0,-0.04280877113342285,0.9990060903957632,-0.047607421875,1.2918124829111406,3679.659912109375,0,1000.0000000000006,0.25,0.010644182955250672,0.00002346447556552439,0.0013444154181456564,tarmac,1.6,4,0,16863.177490234375,100,1,1.3333333333383977
2026-04-27T17:37:50.853Z,1,0.027,WebPort,true,false,webtest,webtest,car_1,car_1,0,0,0,-0.00048058494576252997,0.3859069049358368,0.11302074790000916,0.00013973587663817578,-0.035582169190867145,0.9993667443484187,-0.9999999870975513,-0.00008416069672063836,0.00013682790172736867,-0.00007923876793450439,0.999366750573907,0.03558218049203875,0.000001720991576803499,-0.13620011508464813,0.014756283722817898,-0.0005502712447196245,1.2566548912573694e-9,-0.0000019962351416324964,0,0,0,0,-3.8673883315557433e-44,16,0.016,0.1369971505592051,0.01475628382317555,0.00013982442033192748,0.008011349157882661,0.035589681847886814,2.039138564097271,-0.00008421402500468561,-0.004825108208577668,1.2566548912573694e-9,-0.000040856334836203336,0.9998416727187206,0.017793904681278002,-0.00006915189322263536,-0.0010008713787944094,1.5204575058108172,-3.147939265874753,0.00017438519403691261,-0.2455826074198968,0.96937565088187,1.7453292519943295,0,web_chase,1,tarmac,1.6,0,4751.52783203125,0,-0.12777580320835114,0.9987315995944896,-0.047607421875,0.38955024031820074,4751.52783203125,1,tarmac,1.6,0,4753.55029296875,0,-0.12789571285247803,0.9987315995944896,-0.047607421875,1.5701327954111406,4753.55029296875,1,tarmac,1.6,0,3677.22021484375,0,-0.04267752170562744,0.9990073388130788,-0.047607421875,0.6551142051619507,3677.22021484375,1,tarmac,1.6,0,3679.49169921875,0,-0.0427987277507782,0.9990073388130788,-0.047607421875,1.2910190258798906,3679.49169921875,0,1000.0000000000006,0.25,0.010632268798979966,0.000023500734085762865,0.001346492878325565,tarmac,1.6,4,0,16861.7900390625,100,1,0.6666666666717315
2026-04-27T17:37:50.870Z,2,0.043,WebPort,true,false,webtest,webtest,car_1,car_1,0,0,0,-0.00048053826321847737,0.38592609763145447,0.11326156556606293,0.00013973472822985747,-0.03557265809147269,0.9993670829432562,-0.9999999871004241,-0.00008412513560036905,0.00013682877300601686,-0.00007920452820792795,0.999367089171576,0.035572669387803464,0.0000017163426946353866,-0.13625265657901764,0.014751367270946503,-0.0005620821029879153,3.738685472320924e-10,-0.0000020258783024473814,0,0,0,0,-3.753089732855888e-44,17,0.017,0.13704885721576776,0.014751367370795966,0.00013982322382251414,0.00801128060294313,0.03558016472342377,2.038593273032438,-0.00008417841283066541,-0.0048230677813070255,3.738685472320924e-10,-0.00004083887840312758,0.999841757381544,0.017789146871000007,-0.00006915181807373159,-0.0010008055333343923,1.520466992911461,-3.1476966651068223,0.00017437939486627296,-0.24557973498611957,0.9693763785836613,1.7453292519943295,0,web_chase,1,tarmac,1.6,0,4751.02197265625,0,-0.12774568796157837,0.9987330011406534,-0.047607421875,0.38875678328695074,4751.02197265625,1,tarmac,1.6,0,4753.04248046875,0,-0.1278655230998993,0.9987330011406534,-0.047607421875,1.5693393383798906,4753.04248046875,1,tarmac,1.6,0,3677.077880859375,0,-0.042668551206588745,0.9990084356752941,-0.047607421875,0.6543207481307007,3677.077880859375,1,tarmac,1.6,0,3679.349609375,0,-0.0427897572517395,0.9990084356752941,-0.047607421875,1.2902255688486406,3679.349609375,0,1000.0000000000006,0.25,0.010622016878991752,0.000023521552726887033,0.001347685698596518,tarmac,1.6,4,0,16860.491943359375,100,1,1.0000000000050662
2026-04-27T17:37:50.887Z,3,0.06,WebPort,true,false,webtest,webtest,car_1,car_1,0,0,0,-0.0004804920172318816,0.38594406843185425,0.11350244283676147,0.00013973360168708924,-0.0355631453857815,0.9993674215046189,-0.9999999871031688,-0.0000840911432032399,0.0001368296098022675,-0.00007917185764791973,0.9993674277356399,0.035563156677487925,0.000001730412463984976,-0.1363263726234436,0.014746452681720257,-0.0005635061534121633,-1.5418628596108874e-9,-0.0000019310757579660276,0,0,0,0,-3.64216916825676e-44,17,0.017,0.13712161661224145,0.014746452783247294,0.00013982204919798513,0.008011213301915105,0.03557064599487132,2.038047890060052,-0.00008414437039969398,-0.004821117293687996,-1.5418628596108874e-9,-0.00004082220656986871,0.9998418420359577,0.017784388258456053,-0.00006915173977071131,-0.0010007405788706584,1.5204752034053355,-3.1474540203055286,0.0001743737433614325,-0.2455768433588552,0.9693771111387446,1.7453292519943295,0,web_chase,1,tarmac,1.6,0,4750.5419921875,0,-0.12771622836589813,0.9987342101663256,-0.047607421875,0.38796332625570074,4750.5419921875,1,tarmac,1.6,0,4752.5625,0,-0.12783601880073547,0.9987342101663256,-0.047607421875,1.5685458813486406,4752.5625,1,tarmac,1.6,0,3676.962646484375,0,-0.04266077280044556,0.9990093818692983,-0.047607421875,0.6535272910994507,3676.962646484375,1,tarmac,1.6,0,3679.232421875,0,-0.04278188943862915,0.9990093818692983,-0.047607421875,1.2894321118173906,3679.232421875,0,1000.0000000000006,0.25,0.0106133474457267,0.000023528684043939614,0.0013480942929657742,tarmac,1.6,4,0,16859.299560546875,100,1,1.333333333338401
2026-04-27T17:37:50.904Z,4,0.077,WebPort,true,false,webtest,webtest,car_1,car_1,0,0,0,-0.00048044673167169094,0.38596048951148987,0.11374320089817047,0.00013973252406090922,-0.03555376668069442,0.9993677552080797,-0.9999999871057126,-0.00008405960420527016,0.00013683039700985807,-0.00007914162194818522,0.9993677614416014,0.035553777968114604,0.0000017499544355814578,-0.1364191174507141,0.014741539023816586,-0.0005547929904423654,-2.0486357055204962e-9,-0.0000017917345758178271,0,0,0,0,-3.5345268017628577e-44,17,0.017,0.1372132959369637,0.01474153912768432,0.00013982092420145186,0.008011148844361781,0.035561261354920416,2.037510189798615,-0.00008411278335192,-0.00481930748916327,-2.0486357055204962e-9,-0.000040806757047074465,0.9998419254756467,0.017779696679297984,-0.00006915166138367331,-0.0010006778032660812,1.5204819519748707,-3.147211534471961,0.00017436847090111606,-0.2455739749469356,0.9693778378034017,1.7453292519943295,0,web_chase,1,tarmac,1.6,0,4750.09765625,0,-0.1276879459619522,0.9987352356137645,-0.047607421875,0.38716986922445074,4750.09765625,1,tarmac,1.6,0,4752.1171875,0,-0.12780769169330597,0.9987352356137645,-0.047607421875,1.5677524243173906,4752.1171875,1,tarmac,1.6,0,3676.872802734375,0,-0.04265415668487549,0.999010184393381,-0.047607421875,0.6527338340682007,3676.872802734375,1,tarmac,1.6,0,3679.141845703125,0,-0.04277521371841431,0.999010184393381,-0.047607421875,1.2886386547861406,3679.141845703125,0,1000.0000000000006,0.25,0.010606185363382314,0.000023502358894790968,0.0013465859730253387,tarmac,1.6,4,0,16858.2294921875,100,1,1.6666666666717358
2026-04-27T17:37:50.920Z,5,0.094,WebPort,true,false,webtest,webtest,car_1,car_1,0,0,0,-0.0004804023483302444,0.38597509264945984,0.11398407816886902,0.00013973150857162086,-0.035544702253822176,0.9993680776454652,-0.9999999871080552,-0.0000840305333385124,0.00013683113313428652,-0.00007911381067972104,0.999368083881288,0.03554471353729505,0.0000017708118775772164,-0.13652829825878143,0.014736627228558064,-0.0005361628718674183,-2.178483393677766e-9,-0.0000016449633903903305,0,0,0,0,-3.4300657479782587e-44,16,0.016,0.13732131812157947,0.014736627334951971,0.0001398198629580673,0.00801108803959481,0.03555219119503777,2.0369905079178308,-0.00008408366696495425,-0.004817639243075463,-2.178483393677766e-9,-0.00004079253097568684,0.9998420060983146,0.01777516231502655,-0.00006915158595534969,-0.0010006168116098316,1.5204871850737396,-3.1469689937934406,0.0001743634743715792,-0.24557119501291316,0.9693785420450098,1.7453292519943295,0,web_chase,1,tarmac,1.6,0,4749.69482421875,0,-0.12766139209270477,0.9987360921394579,-0.047607421875,0.38637641219320074,4749.69482421875,1,tarmac,1.6,0,4751.71435546875,0,-0.12778110802173615,0.9987360921394579,-0.047607421875,1.5669589672861406,4751.71435546875,1,tarmac,1.6,0,3676.812744140625,0,-0.04264897108078003,0.9990108547178366,-0.047607421875,0.6519403770369507,3676.812744140625,1,tarmac,1.6,0,3679.081298828125,0,-0.04277002811431885,0.9990108547178366,-0.047607421875,1.2878451977548906,3679.081298828125,0,1000.0000000000006,0.25,0.01060041183439675,0.000023468946486174778,0.0013446715830293203,tarmac,1.6,4,0,16857.30322265625,100,1,1.0000000000050697
2026-04-27T17:37:50.937Z,6,0.11,WebPort,true,false,webtest,webtest,car_1,car_1,0,0,0,-0.0004803600604645908,0.3859877586364746,0.11422523856163025,0.00013973076258558584,-0.03553612756925093,0.9993683825860692,-0.9999999871099965,-0.00008400612298463151,0.00013683193391371754,-0.0000790905861953724,0.9993683888238377,0.035536138849429744,0.0000018106909465132048,-0.13665121793746948,0.01473171729594469,-0.000508202996570617,-4.116527563269301e-9,-0.0000013739893347519683,0,0,0,0,-3.328691984903224e-44,16,0.016,0.13744300222841474,0.01473171740722166,0.00013981907383687128,0.008011042826280753,0.03554361108989836,2.036498904105564,-0.00008405921552675657,-0.00481623827886371,-4.116527563269301e-9,-0.000040780617274409815,0.9998420823459951,0.01777087293923435,-0.0000691515943823814,-0.0010005612411034155,1.5204909418200085,-3.1467262734584067,0.0001743594938012899,-0.2455685492529259,0.9693792122882461,1.7453292519943295,0,web_chase,1,tarmac,1.6,0,4749.34130859375,0,-0.12763696908950806,0.9987367861522849,-0.047607421875,0.38558295516195074,4749.34130859375,1,tarmac,1.6,0,4751.35888671875,0,-0.12775664031505585,0.9987367861522849,-0.047607421875,1.5661655102548906,4751.35888671875,1,tarmac,1.6,0,3676.7802734375,0,-0.04264518618583679,0.99901139785831,-0.047607421875,0.6511469200057007,3676.7802734375,1,tarmac,1.6,0,3679.04736328125,0,-0.04276615381240845,0.99901139785831,-0.047607421875,1.2870517407236406,3679.04736328125,0,1000.0000000000006,0.25,0.010595892440299043,0.00002343632653199614,0.0013428025973280023,tarmac,1.6,4,0,16856.52783203125,100,1,0.33333333333840365
2026-04-27T17:37:50.954Z,7,0.127,WebPort,true,false,webtest,webtest,car_1,car_1,0,0,0,-0.0004803196934517473,0.3859981894493103,0.11446656286716461,0.00013973014159162885,-0.035528178236309466,0.9993686652215471,-0.9999999871114748,-0.00008398742931871623,0.0001368326066156514,-0.00007907299189725474,0.9993686714607983,0.035528189513979014,0.000001858339146565413,-0.13678498566150665,0.014726809225976467,-0.00047158871893770993,-4.8686326081792686e-9,-0.0000010438819799674093,0,0,0,0,-3.230314269308052e-44,17,0.017,0.13757547461611866,0.014726809343226047,0.0001398184129078287,0.008011004957836056,0.03553565673404906,2.0360431530866543,-0.00008404048627842329,-0.004815165171980761,-4.8686326081792686e-9,-0.00004077154096875169,0.9998421530163922,0.01776689638857512,-0.00006915160242367425,-0.0010005120031302533,1.5204930378500694,-3.1464835255028487,0.00017435685716502044,-0.24556606991938074,0.9693798403639495,1.7453292519943295,0,web_chase,1,tarmac,1.6,0,4749.041015625,0,-0.1276150494813919,0.9987373312914902,-0.047607421875,0.38478949813070074,4749.041015625,1,tarmac,1.6,0,4751.05859375,0,-0.12773466110229492,0.9987373312914902,-0.047607421875,1.5653720532236406,4751.05859375,1,tarmac,1.6,0,3676.775146484375,0,-0.04264277219772339,0.9990118244889924,-0.047607421875,0.6503534629744507,3676.775146484375,1,tarmac,1.6,0,3679.04150390625,0,-0.042763710021972656,0.9990118244889924,-0.047607421875,1.2862582836923906,3679.04150390625,0,1000.0000000000006,0.25,0.01059248258078424,0.000023369234928711253,0.0013389585316211175,tarmac,1.6,4,0,16855.916259765625,100,1,0.6666666666717385
2026-04-27T17:37:50.970Z,8,0.144,WebPort,true,false,webtest,webtest,car_1,car_1,0,0,0,-0.0004802808107342571,0.38600632548332214,0.11470825970172882,0.00013972978475084596,-0.03552094359227572,0.999368922391477,-0.9999999871126439,-0.00008397227905172293,0.00013683336083270784,-0.0000790588359349966,0.9993689286319496,0.03552095486793314,0.0000018868630604629288,-0.1369265913963318,0.014721902087330818,-0.0004271641664672643,-2.883920213747615e-9,-8.37683785448462e-7,0,0,0,0,-3.1348440546080117e-44,17,0.017,0.13771574287657606,0.014721902208247673,0.00013981801986191931,0.008010982437964293,0.035528417520649724,2.0356283767118777,-0.00008402530481816357,-0.004814295338381034,-2.883920213747615e-9,-0.000040764210633109314,0.9998422173193217,0.017763277352570536,-0.0000691516973360676,-0.0010004667880746088,1.5204935381862053,-3.1462405480457223,0.00017435498967907263,-0.24556379578142024,0.9693804164525703,1.7453292519943295,0,web_chase,1,tarmac,1.6,0,4748.79736328125,0,-0.12759602069854736,0.9987377549544345,-0.047607421875,0.38399604109945074,4748.79736328125,1,tarmac,1.6,0,4750.81494140625,0,-0.12771561741828918,0.9987377549544345,-0.047607421875,1.5645785961923906,4750.81494140625,1,tarmac,1.6,0,3676.796630859375,0,-0.04264184832572937,0.9990121560512966,-0.047607421875,0.6495600059432007,3676.796630859375,1,tarmac,1.6,0,3679.06396484375,0,-0.04276278614997864,0.9990121560512966,-0.047607421875,1.2854648266611406,3679.06396484375,0,1000.0000000000006,0.25,0.010590013453871006,0.00002328997577203005,0.00133441731645799,tarmac,1.6,4,0,16855.472900390625,100,1,1.0000000000050733
2026-04-27T17:37:50.987Z,9,0.161,WebPort,true,false,webtest,webtest,car_1,car_1,0,0,0,-0.0004802434705197811,0.38601207733154297,0.1149502545595169,0.00013972936517092554,-0.035514602310747136,0.999369147761934,-0.9999999871134813,-0.00008396155105713932,0.00013683382419935197,-0.00007904898487564471,0.9993691540032481,0.035514613584981765,0.000001924922571561183,-0.13707295060157776,0.014716996811330318,-0.00037585425889119506,-3.910725965283746e-9,-5.811349410578259e-7,0,0,0,0,-3.0421954111654407e-44,17,0.017,0.13786074055173433,0.01471699693721629,0.00013981756848640525,0.008010956576052363,0.035522072235530805,2.035264818654756,-0.00008401455110282546,-0.004813679195878075,-3.910725965283746e-9,-0.00004075906276053725,0.9998422736710353,0.017760105210129037,-0.00006915170438704396,-0.0010004260425849753,1.5204925394015576,-3.145997448000836,0.00017435400976761352,-0.24556178209168736,0.9693809265591282,1.7453292519943295,0,web_chase,1,tarmac,1.6,0,4748.61376953125,0,-0.12758004665374756,0.9987380706592571,-0.047607421875,0.38320258406820074,4748.61376953125,1,tarmac,1.6,0,4750.63134765625,0,-0.12769962847232819,0.9987380706592571,-0.047607421875,1.5637851391611406,4750.63134765625,1,tarmac,1.6,0,3676.844970703125,0,-0.04264235496520996,0.999012403124636,-0.047607421875,0.6487665489119507,3676.844970703125,1,tarmac,1.6,0,3679.11181640625,0,-0.04276326298713684,0.999012403124636,-0.047607421875,1.2846713696298906,3679.11181640625,0,1000.0000000000006,0.25,0.010588293709982585,0.000023251244493294593,0.0013321981776525055,tarmac,1.6,4,0,16855.201904296875,100,1,1.333333333338408
2026-04-27T17:37:51.003Z,10,0.177,WebPort,true,false,webtest,webtest,car_1,car_1,0,0,0,-0.0004802077601198107,0.38601547479629517,0.1151927262544632,0.00013972906065458276,-0.035509199060703045,0.9993693397627611,-0.9999999871139558,-0.00008395533876181167,0.00013683416788650766,-0.000079043519762163,0.9993693460045533,0.035509210334130556,0.000001961984025911079,-0.137221097946167,0.014712093397974968,-0.00031876005232334137,-3.773231505022068e-9,-3.2414860129392764e-7,0,0,0,0,-2.952284948947269e-44,16,0.016,0.13800751942394904,0.01471209352879868,0.0001398172369158716,0.008010937578460175,0.03551666557525485,2.0349550398396827,-0.00008400831874617763,-0.004813322108145734,-3.773231505022068e-9,-0.00004075614099087831,0.9998423216789323,0.017757402306090547,-0.00006915171086094011,-0.0010003898531783819,1.520490151367268,-3.145754044609224,0.00017435391746709508,-0.24556005448957105,0.9693813641904772,1.7453292519943295,0,web_chase,1,tarmac,1.6,0,4748.4921875,0,-0.12756742537021637,0.9987382857550875,-0.047607421875,0.38240912703695074,4748.4921875,1,tarmac,1.6,0,4750.509765625,0,-0.1276869922876358,0.9987382857550875,-0.047607421875,1.5629916821298906,4750.509765625,1,tarmac,1.6,0,3676.916015625,0,-0.04264417290687561,0.9990125714605033,-0.047607421875,0.6479730918807007,3676.916015625,1,tarmac,1.6,0,3679.18212890625,0,-0.0427650511264801,0.9990125714605033,-0.047607421875,1.2838779125986406,3679.18212890625,0,1000.0000000000006,0.25,0.01058715519119642,0.000023195435896310943,0.0013290005805865202,tarmac,1.6,4,0,16855.10009765625,100,1,0.6666666666717419
2026-04-27T17:37:51.020Z,11,0.193,WebPort,true,false,webtest,webtest,car_1,car_1,0,0,0,-0.0004801737377420068,0.3860165476799011,0.11543558537960052,0.0001397290415856035,-0.03550486784757745,0.9993694936483307,-0.9999999871140861,-0.00008395313055538409,0.000136834570044849,-0.00007904190424690398,0.999369499890305,0.035504879120755256,0.000001995051434278139,-0.13736805319786072,0.014707191847264767,-0.00025698996614664793,-3.3767046936361567e-9,-9.647249754607401e-8,0,0,0,0,-2.8650317424683625e-44,17,0.017,0.13815311627097948,0.014707191982580544,0.00013981719630543272,0.00801093525165342,0.03551233162925765,2.0347067230254057,-0.0000840060962107736,-0.004813194766247264,-3.3767046936361567e-9,-0.0000407551833412986,0.9998423601564301,0.017755235674657477,-0.00006915180398717626,-0.0010003587154291367,1.5204864901880693,-3.1455104675042715,0.0001743548361894832,-0.24555863568628636,0.9693817235951383,1.7453292519943295,0,web_chase,1,tarmac,1.6,0,4748.431640625,0,-0.12755818665027618,0.9987384369308315,-0.047607421875,0.38161567000570074,4748.431640625,1,tarmac,1.6,0,4750.44873046875,0,-0.12767773866653442,0.9987384369308315,-0.047607421875,1.5621982250986406,4750.44873046875,1,tarmac,1.6,0,3677.007568359375,0,-0.042647212743759155,0.9990126897719551,-0.047607421875,0.6471796348494507,3677.007568359375,1,tarmac,1.6,0,3679.275146484375,0,-0.04276815056800842,0.9990126897719551,-0.047607421875,1.2830844555673906,3679.275146484375,0,1000.0000000000006,0.25,0.010586400119214356,0.00002314315364137962,0.0013260050280371363,tarmac,1.6,4,0,16855.1630859375,100,1,1.0000000000050766
2026-04-27T17:37:51.037Z,12,0.21,WebPort,true,false,webtest,webtest,car_1,car_1,0,0,0,-0.0004801414324901998,0.38601529598236084,0.11567904055118561,0.00013972914088119183,-0.035501607064579443,0.999369609489702,-0.9999999871138335,-0.0000839557063801972,0.00013683483596394974,-0.0000790449249204714,0.999369615731473,0.03550161833815853,0.000002036175374087179,-0.13751113414764404,0.01470229122787714,-0.0001918506168294698,-4.2080672280064846e-9,1.821913997446245e-7,0,0,0,0,-2.780357257953122e-44,17,0.017,0.13829486391788623,0.014702291368875915,0.0001398172794568214,0.008010940015877054,0.03550906878923915,2.0345197760631195,-0.00008400866392284959,-0.004813341885312223,-4.2080672280064846e-9,-0.00004075658150579183,0.9998423891212813,0.017753604511892028,-0.00006915189330195373,-0.0010003328272315396,1.5204815895785084,-3.145266497188424,0.0001743568220698475,-0.24555753764990393,0.9693820017428705,1.7453292519943295,0,web_chase,1,tarmac,1.6,0,4748.4306640625,0,-0.12755244970321655,0.9987385416336599,-0.047607421875,0.38082221297445074,4748.4306640625,1,tarmac,1.6,0,4750.4482421875,0,-0.1276720017194748,0.9987385416336599,-0.047607421875,1.5614047680673906,4750.4482421875,1,tarmac,1.6,0,3677.1162109375,0,-0.042651355266571045,0.999012771713299,-0.047607421875,0.6463861778182007,3677.1162109375,1,tarmac,1.6,0,3679.383056640625,0,-0.04277223348617554,0.999012771713299,-0.047607421875,1.2822909985361406,3679.383056640625,0,1000.0000000000006,0.25,0.01058585432185101,0.000023099757937352905,0.001323518637348736,tarmac,1.6,4,0,16855.378173828125,100,1,1.3333333333384114
2026-04-27T17:37:51.053Z,13,0.226,WebPort,true,false,webtest,webtest,car_1,car_1,0,0,0,-0.0004801111645065248,0.38601189851760864,0.11592288315296173,0.00013972922187165747,-0.03549950926298279,0.9993696840097923,-0.9999999871131202,-0.00008396429662894359,0.00013683477789356758,-0.0000790538051248409,0.9993696902508522,0.0354995205377707,0.000002086764880004921,-0.13764768838882446,0.014697392471134663,-0.00012463389430195093,-5.16256015714589e-9,5.268942686598166e-7,0,0,0,0,-2.698185282649785e-44,17,0.017,0.13843012485941084,0.014697392619276165,0.00013981735007259958,0.00801094406186311,0.03550696966447288,2.0343995050733406,-0.00008401725332524594,-0.004813834021818075,-5.16256015714589e-9,-0.00004076094904795313,0.9998424077540625,0.017752555115220107,-0.0000691518977441826,-0.0010003133408396528,1.5204757267912412,-3.1450223584365693,0.00017436012999870866,-0.24555678974204143,0.9693821911971192,1.7453292519943295,0,web_chase,1,tarmac,1.6,0,4748.4892578125,0,-0.1275501847267151,0.9987386189474942,-0.047607421875,0.38002875594320074,4748.4892578125,1,tarmac,1.6,0,4750.5068359375,0,-0.12766972184181213,0.9987386189474942,-0.047607421875,1.5606113110361406,4750.5068359375,1,tarmac,1.6,0,3677.239990234375,0,-0.042656511068344116,0.999012832219778,-0.047607421875,0.6455927207869507,3677.239990234375,1,tarmac,1.6,0,3679.506591796875,0,-0.04277735948562622,0.999012832219778,-0.047607421875,1.2814975415048906,3679.506591796875,0,1000.0000000000006,0.25,0.010585326033069636,0.000023040909326239225,0.0013201468603035102,tarmac,1.6,4,0,16855.74267578125,100,1,1.6666666666717462
2026-04-27T17:37:51.070Z,14,0.243,WebPort,true,false,webtest,webtest,car_1,car_1,0,0,0,-0.000480082118883729,0.3860064744949341,0.11616736650466919,0.00013972956822518222,-0.035498571228588995,0.9993697173300664,-0.9999999871121421,-0.00008397593410576205,0.00013683478533987048,-0.00007906556615586763,0.9993697235701968,0.035498582505009466,0.0000021099035620864015,-0.13777537643909454,0.014692495577037334,-0.00005658037116518244,-2.308077506896211e-9,6.966844807720918e-7,0,0,0,0,-2.618441856233803e-44,16,0.016,0.13855657250259606,0.014692495728532803,0.0001398176919828653,0.008010963651878308,0.03550603103847291,2.0343457257650015,-0.00008402889534027012,-0.0048145010601439876,-2.308077506896211e-9,-0.00004076679925722801,0.9998424160852055,0.017752085876587814,-0.00006915198563187485,-0.0010002972673121586,1.5204690423453315,-3.144777789968029,0.0001743640914444488,-0.2455563996531292,0.9693822900107865,1.7453292519943295,0,web_chase,1,tarmac,1.6,0,4748.60302734375,0,-0.12755127251148224,0.9987386986817077,-0.047607421875,0.37923529891195074,4748.60302734375,1,tarmac,1.6,0,4750.62158203125,0,-0.12767083942890167,0.9987386986817077,-0.047607421875,1.5598178540048906,4750.62158203125,1,tarmac,1.6,0,3677.373291015625,0,-0.042662352323532104,0.9990128946204669,-0.047607421875,0.6447992637557007,3677.373291015625,1,tarmac,1.6,0,3679.640625,0,-0.042783260345458984,0.9990128946204669,-0.047607421875,1.2807040844736406,3679.640625,0,1000.0000000000006,0.25,0.010584655175430044,0.000022963681838913845,0.001315722051219707,tarmac,1.6,4,0,16856.238525390625,100,1,1.0000000000050802
2026-04-27T17:37:51.086Z,15,0.26,WebPort,true,false,webtest,webtest,car_1,car_1,0,0,0,-0.0004800545866601169,0.3859991729259491,0.11641225218772888,0.00013973019705663898,-0.03549874990055172,0.9993697109833628,-0.9999999871108408,-0.00008399131680447133,0.0001368348540121513,-0.00007908091173974071,0.9993697172222885,0.035498761179125926,0.0000021421114979602862,-0.13789211213588715,0.014687600545585155,0.000011010710295522586,-3.317624619469939e-9,9.091751280720928e-7,0,0,0,0,-2.5410552042385586e-44,17,0.017,0.13867213203694315,0.014687600701793164,0.0001398183220988464,0.008010999754864629,0.03550620982311933,2.0343559693706825,-0.00008404428827417962,-0.004815383010291325,-3.317624619469939e-9,-0.000040774482603364226,0.9998424144979663,0.01775217525536922,-0.00006915216014507075,-0.0010002859717677414,1.5204616085338671,-3.144533031939715,0.00017436903157934752,-0.24555634283533065,0.96938230440254,1.7453292519943295,0,web_chase,1,tarmac,1.6,0,4748.7685546875,0,-0.12755568325519562,0.9987388006602825,-0.047607421875,0.37844184188070074,4748.7685546875,1,tarmac,1.6,0,4750.78662109375,0,-0.12767526507377625,0.9987388006602825,-0.047607421875,1.5590243969736406,4750.78662109375,1,tarmac,1.6,0,3677.514892578125,0,-0.042668938636779785,0.9990129744297863,-0.047607421875,0.6440058067244507,3677.514892578125,1,tarmac,1.6,0,3679.782958984375,0,-0.042789846658706665,0.9990129744297863,-0.047607421875,1.2799106274423906,3679.782958984375,0,1000.0000000000006,0.25,0.01058367579616365,0.000022940713753485203,0.001314406076861843,tarmac,1.6,4,0,16856.85302734375,100,1,1.333333333338415
2026-04-27T17:37:51.104Z,16,0.277,WebPort,true,false,webtest,webtest,car_1,car_1,0,0,0,-0.0004800281603820622,0.3859902620315552,0.11665773391723633,0.0001397309306971901,-0.03550004527885892,0.9993696649691075,-0.9999999871092545,-0.00008401026702922626,0.00013683481238822157,-0.00007909967037945706,0.9993696712065431,0.03550005656006968,0.000002170891093555838,-0.13799601793289185,0.014682706445455551,0.00007681805436732247,-2.9485431873865764e-9,0.0000011075010206695879,0,0,0,0,-2.465955673453501e-44,17,0.017,0.138774935916437,0.01468270660594259,0.00013981906263980796,0.008011042184736283,0.03550750601842135,2.034430235890913,-0.00008406325432100663,-0.004816469684728561,-2.9485431873865764e-9,-0.0000407839117746327,0.9998424029922047,0.017752823251556516,-0.00006915233397226901,-0.0010002785245508388,1.520453718372894,-3.1442878832150987,0.00017437479368869114,-0.2455566280205801,0.9693822321605621,1.7453292519943295,0,web_chase,1,tarmac,1.6,0,4748.98046875,0,-0.12756317853927612,0.9987389234205115,-0.047607421875,0.37764838484945074,4748.98046875,1,tarmac,1.6,0,4751,0,-0.12768277525901794,0.9987389234205115,-0.047607421875,1.5582309399423906,4751,1,tarmac,1.6,0,3677.66162109375,0,-0.04267600178718567,0.999013070503009,-0.047607421875,0.6432123496932007,3677.66162109375,1,tarmac,1.6,0,3679.9296875,0,-0.04279690980911255,0.999013070503009,-0.047607421875,1.2791171704111406,3679.9296875,0,1000.0000000000006,0.25,0.010582228902137739,0.0000228988085626733,0.0013120050862898919,tarmac,1.6,4,0,16857.57177734375,100,1,1.6666666666717498
2026-04-27T17:37:51.120Z,17,0.294,WebPort,true,false,webtest,webtest,car_1,car_1,0,0,0,-0.0004800023161806166,0.38597992062568665,0.11690376698970795,0.00013973155102320017,-0.03550241269519653,0.9993695808698171,-0.9999999871075997,-0.00008403042161564224,0.00013683452961971702,-0.00007911949128882619,0.9993695871056454,0.035502423979186376,0.000002179821194658871,-0.13808560371398926,0.014677814207971096,0.0001396892184857279,-9.076763229920459e-10,0.0000011742355354726897,0,0,0,0,-2.3930756692315537e-44,16,0.016,0.13886350200010159,0.014677814369835129,0.00013981969512321933,0.008011078423366366,0.03550987492804214,2.0345659644142327,-0.00008408342869526095,-0.00481762559122765,-9.076763229920459e-10,-0.00004079390808180361,0.9998423819636603,0.017754007520398258,-0.00006915241982935099,-0.0010002721704330557,1.5204455188655417,-3.1440423760008325,0.0001743806969536538,-0.24555724656685643,0.9693820754737921,1.7453292519943295,0,web_chase,1,tarmac,1.6,0,4749.234375,0,-0.12757347524166107,0.9987391071008704,-0.047607421875,0.37685492781820074,4749.234375,1,tarmac,1.6,0,4751.25390625,0,-0.12769311666488647,0.9987391071008704,-0.047607421875,1.5574374829111406,4751.25390625,1,tarmac,1.6,0,3677.80908203125,0,-0.04268336296081543,0.9990132142528552,-0.047607421875,0.6424188926619507,3677.80908203125,1,tarmac,1.6,0,3680.077880859375,0,-0.0428043007850647,0.9990132142528552,-0.047607421875,1.2783237133798906,3680.077880859375,0,1000.0000000000006,0.25,0.01058018009399038,0.000022862593263511897,0.001309930102495226,tarmac,1.6,4,0,16858.375244140625,100,1,1.0000000000050837
2026-04-27T17:37:51.137Z,18,0.31,WebPort,true,false,webtest,webtest,car_1,car_1,0,0,0,-0.0004799770249519497,0.3859684467315674,0.11715017259120941,0.00013973225005270792,-0.03550576492791141,0.9993694617766656,-0.9999999871057939,-0.00008405248114870482,0.00013683417979431673,-0.00007914108062469383,0.9993694680107376,0.035505776214935045,0.0000021958335310046095,-0.13815967738628387,0.01467292383313179,0.0001984864065889269,-1.6944318170786232e-9,0.000001276704438168963,0,0,0,0,-2.322349594649368e-44,17,0.017,0.13893664438914816,0.014672923997437314,0.0001398204112558303,0.008011119454742546,0.035513229275568846,2.034758154370533,-0.00008410551216641066,-0.004818890880921529,-1.6944318170786232e-9,-0.000040804823234564533,0.9998423521852327,0.01775568443056178,-0.00006915250920371774,-0.0010002680388753896,1.520437201851363,-3.14379667789852,0.00017438709279741656,-0.245558166080026,0.9693818425473815,1.7453292519943295,0,web_chase,1,tarmac,1.6,0,4749.52392578125,0,-0.12758637964725494,0.9987393604662426,-0.047607421875,0.37606147078695074,4749.52392578125,1,tarmac,1.6,0,4751.5439453125,0,-0.12770603597164154,0.9987393604662426,-0.047607421875,1.5566440258798906,4751.5439453125,1,tarmac,1.6,0,3677.9541015625,0,-0.04269084334373474,0.9990134125387985,-0.047607421875,0.6416254356307007,3677.9541015625,1,tarmac,1.6,0,3680.224365234375,0,-0.04281187057495117,0.9990134125387985,-0.047607421875,1.2775302563486406,3680.224365234375,0,1000.0000000000006,0.25,0.010577413731028655,0.000022864004271149186,0.0013100109472776614,tarmac,1.6,4,0,16859.246337890625,100,1,1.3333333333384183
2026-04-27T17:37:51.154Z,19,0.327,WebPort,true,false,webtest,webtest,car_1,car_1,0,0,0,-0.00047995217028073967,0.38595613837242126,0.1173970103263855,0.00013973299052170477,-0.03551000840970609,0.9993693110044124,-0.9999999871039177,-0.00008407546899621384,0.00013683376766007908,-0.00007916347528277784,0.9993693172366552,0.03551001969988281,0.000002203009444201598,-0.13821740448474884,0.014668035320937634,0.00025208655279129744,-7.708317872889836e-10,0.0000013284013675729511,0,0,0,0,-2.2537137914656675e-44,16,0.016,0.13899353282628005,0.01466803548637392,0.00013982117328645521,0.008011163115881214,0.035517475435007974,2.0350014413855346,-0.0000841285272098796,-0.004820209545777609,-7.708317872889836e-10,-0.00004081617218884872,0.9998423144857623,0.017757807176353557,-0.00006915259390777716,-0.0010002648308145455,1.520428989163531,-3.1435507059852816,0.0001743936240825022,-0.2455593650923021,0.9693815388186064,1.7453292519943295,0,web_chase,1,tarmac,1.6,0,4749.84130859375,0,-0.12760145962238312,0.9987396879317427,-0.047607421875,0.37526801375570074,4749.84130859375,1,tarmac,1.6,0,4751.8623046875,0,-0.1277211606502533,0.9987396879317427,-0.047607421875,1.5558505688486406,4751.8623046875,1,tarmac,1.6,0,3678.094482421875,0,-0.04269832372665405,0.9990136688161465,-0.047607421875,0.6408319785994507,3678.094482421875,1,tarmac,1.6,0,3680.36474609375,0,-0.04281935095787048,0.9990136688161465,-0.047607421875,1.2767367993173906,3680.36474609375,0,1000.0000000000006,0.25,0.010573821531858318,0.000022849175348443513,0.0013091613125923445,tarmac,1.6,4,0,16860.162841796875,100,1,0.6666666666717523
2026-04-27T17:37:51.170Z,20,0.344,WebPort,true,false,webtest,webtest,car_1,car_1,0,0,0,-0.0004799275775440037,0.38594314455986023,0.11764411628246307,0.0001397337920620141,-0.03551505803445872,0.9993691315661479,-0.99999998710194,-0.00008409973860766956,0.0001368333069764561,-0.00007918703989897102,0.9993691377964617,0.03551506932795877,0.000002213107109128032,-0.13825847208499908,0.014663147740066051,0.00029970420291647315,-1.0984478882036797e-9,0.0000013943398471383261,0,0,0,0,-2.187106482824531e-44,17,0.017,0.1390338556245324,0.014663147907078044,0.0001398220004378409,0.008011210508164633,0.03552252824691743,2.0352909461826196,-0.00008415282724717769,-0.004821601835356799,-1.0984478882036797e-9,-0.00004082813446387967,0.9998422696186321,0.01776033318473082,-0.00006915268223855965,-0.0010002630702687378,1.5204209360526582,-3.1433046102853597,0.0001744005025847639,-0.24556081546252395,0.9693811714149625,1.7453292519943295,0,web_chase,1,tarmac,1.6,0,4750.17919921875,0,-0.12761837244033813,0.9987401180018339,-0.047607421875,0.37447455672445074,4750.17919921875,1,tarmac,1.6,0,4752.2001953125,0,-0.1277380883693695,0.9987401180018339,-0.047607421875,1.5550571118173906,4752.2001953125,1,tarmac,1.6,0,3678.225341796875,0,-0.04270556569099426,0.9990140053927395,-0.047607421875,0.6400385215682007,3678.225341796875,1,tarmac,1.6,0,3680.49609375,0,-0.04282662272453308,0.9990140053927395,-0.047607421875,1.2759433422861406,3680.49609375,0,1000.0000000000006,0.25,0.01056931858685621,0.00002284953245367651,0.0013091817732150265,tarmac,1.6,4,0,16861.100830078125,100,1,1.000000000005087
2026-04-27T17:37:51.187Z,21,0.361,WebPort,true,false,webtest,webtest,car_1,car_1,0,0,0,-0.00047990313032642007,0.3859298825263977,0.11789160966873169,0.0001397346149534527,-0.03552082235002575,0.9993689267001528,-0.9999999870999904,-0.00008412370741978362,0.0001368328214243348,-0.0000792102048526802,0.9993689329285655,0.035520833646800656,0.0000022081519546190975,-0.13828261196613312,0.014658262021839619,0.000340583297656849,4.5434569995173035e-10,0.0000013654912436322775,0,0,0,0,-2.122467717652053e-44,16,0.016,0.1390573458057969,0.014658262188159986,0.00013982285251175737,0.008011259328403878,0.03552829620183962,2.035621425656083,-0.00008417682844570063,-0.0048229770027354195,4.5434569995173035e-10,-0.00004083992185659292,0.9998422183935708,0.01776321670807415,-0.00006915277012960693,-0.0010002610083474724,1.520413371429707,-3.1430582529448103,0.0001744072327353019,-0.24556249132903116,0.9693807468865867,1.7453292519943295,0,web_chase,1,tarmac,1.6,0,4750.5322265625,0,-0.12763680517673492,0.998740651597812,-0.047607421875,0.37368109969320074,4750.5322265625,1,tarmac,1.6,0,4752.55419921875,0,-0.12775656580924988,0.998740651597812,-0.047607421875,1.5542636547861406,4752.55419921875,1,tarmac,1.6,0,3678.345947265625,0,-0.04271247982978821,0.9990144229895921,-0.047607421875,0.6392450645369507,3678.345947265625,1,tarmac,1.6,0,3680.6181640625,0,-0.0428335964679718,0.9990144229895921,-0.047607421875,1.2751498852548906,3680.6181640625,0,1000.0000000000006,0.25,0.010563857259232236,0.00002284160255603709,0.001308727423548554,tarmac,1.6,4,0,16862.050537109375,100,1,0.33333333333842097
2026-04-27T17:37:51.204Z,22,0.377,WebPort,true,false,webtest,webtest,car_1,car_1,0,0,0,-0.00047987845027819276,0.38591647148132324,0.11813920736312866,0.00013973545252051253,-0.03552716735125685,0.9993687011578856,-0.999999987098076,-0.00008414727906002561,0.00013683231833646757,-0.00007923289230758781,0.9993687073844324,0.03552717865124616,0.000002205400051025208,-0.13829010725021362,0.014653378166258335,0.000374004477635026,1.8197057749524959e-10,0.0000013433492540571024,0,0,0,0,-2.059739316696331e-44,17,0.017,0.139064284630608,0.014653378332219703,0.00013982372216377392,0.008011309155794073,0.035534645210414446,2.035985197051513,-0.00008420043397336056,-0.0048243294998435125,1.8197057749524959e-10,-0.000040851490759557754,0.999842161998632,0.017766390712227294,-0.00006915285766308747,-0.0010002585669461144,1.5204062825417985,-3.142811890527651,0.0001744139053172266,-0.24556435390185644,0.9693802750585312,1.7453292519943295,0,web_chase,1,tarmac,1.6,0,4750.892578125,0,-0.12765629589557648,0.998741301194446,-0.047607421875,0.37288764266195074,4750.892578125,1,tarmac,1.6,0,4752.91552734375,0,-0.127776101231575,0.998741301194446,-0.047607421875,1.5534701977548906,4752.91552734375,1,tarmac,1.6,0,3678.453125,0,-0.042718857526779175,0.9990149313695664,-0.047607421875,0.6384516075057007,3678.453125,1,tarmac,1.6,0,3680.725341796875,0,-0.04283997416496277,0.9990149313695664,-0.047607421875,1.2743564282236406,3680.725341796875,0,1000.0000000000006,0.25,0.01055739484771459,0.000022860850827548052,0.0013098302682684783,tarmac,1.6,4,0,16862.986572265625,100,1,0.6666666666717558
