timestamp_utc,sample_index,race_time_seconds,game_state,is_racing,is_paused,level_id,level_name,car_id,car_name,player_steer,player_throttle,player_brake,position_x,position_y,position_z,forward_x,forward_y,forward_z,right_x,right_y,right_z,up_x,up_y,up_z,velocity_x,velocity_y,velocity_z,angular_velocity_x,angular_velocity_y,angular_velocity_z,vehicle_applied_throttle,vehicle_applied_brake,vehicle_applied_handbrake,vehicle_control_candidate_1dfc,vehicle_applied_steer,vehicle_frame_delta_ms,vehicle_frame_delta_seconds,speed_magnitude,planar_speed_magnitude,yaw_radians,yaw_degrees,pitch_radians,pitch_degrees,roll_radians,roll_degrees,yaw_rate,quat_x,quat_y,quat_z,quat_w,camera_position_x,camera_position_y,camera_position_z,camera_forward_x,camera_forward_y,camera_forward_z,camera_fov,camera_mode_index,camera_family,wheel_0_contact_flag,wheel_0_contact_ptr,wheel_0_contact_surface_44_candidate,wheel_0_contact_surface_48_candidate,wheel_0_contact_surface_4c_candidate,wheel_0_contact_surface_50_candidate,wheel_0_suspension_length_candidate,wheel_0_tire_force_multiplier_candidate,wheel_0_load_or_spin_candidate,wheel_0_rotation_or_phase_candidate,wheel_0_vertical_load_candidate,wheel_1_contact_flag,wheel_1_contact_ptr,wheel_1_contact_surface_44_candidate,wheel_1_contact_surface_48_candidate,wheel_1_contact_surface_4c_candidate,wheel_1_contact_surface_50_candidate,wheel_1_suspension_length_candidate,wheel_1_tire_force_multiplier_candidate,wheel_1_load_or_spin_candidate,wheel_1_rotation_or_phase_candidate,wheel_1_vertical_load_candidate,wheel_2_contact_flag,wheel_2_contact_ptr,wheel_2_contact_surface_44_candidate,wheel_2_contact_surface_48_candidate,wheel_2_contact_surface_4c_candidate,wheel_2_contact_surface_50_candidate,wheel_2_suspension_length_candidate,wheel_2_tire_force_multiplier_candidate,wheel_2_load_or_spin_candidate,wheel_2_rotation_or_phase_candidate,wheel_2_vertical_load_candidate,wheel_3_contact_flag,wheel_3_contact_ptr,wheel_3_contact_surface_44_candidate,wheel_3_contact_surface_48_candidate,wheel_3_contact_surface_4c_candidate,wheel_3_contact_surface_50_candidate,wheel_3_suspension_length_candidate,wheel_3_tire_force_multiplier_candidate,wheel_3_load_or_spin_candidate,wheel_3_rotation_or_phase_candidate,wheel_3_vertical_load_candidate,web_gear,web_engine_rpm,web_clutch,web_steer_state,web_steer_raw,web_steer_limit,web_steer_target,web_steer_speed_kph,web_speed_forward,web_speed_right,web_front_grip_scale,web_rear_grip_scale,web_inertia_roll_torque,web_inertia_pitch_torque,web_aero_drag_force,web_rolling_resistance_drag,web_brake_distance_scale,web_slip_long_avg,web_slip_lat_avg,web_slip_angle_deg,web_surface_type,web_surface_grip,web_wheel_contacts,web_forward_impulse,web_suspension_force,web_camera_fov_degrees,web_sim_steps,web_sim_backlog_ms,web_wheel_0_forward_impulse,web_wheel_0_suspension_force,web_wheel_0_angular_velocity,web_wheel_1_forward_impulse,web_wheel_1_suspension_force,web_wheel_1_angular_velocity,web_wheel_2_forward_impulse,web_wheel_2_suspension_force,web_wheel_2_angular_velocity,web_wheel_3_forward_impulse,web_wheel_3_suspension_force,web_wheel_3_angular_velocity
2026-04-27T20:54:07.685Z,0,0.003,WebPort,true,false,webtest,webtest,car_10,car_10,0,0,0,-0.004777157213538885,0.6630896329879761,0.3508741855621338,0.0004882158934210204,-0.029479473212515903,0.9995652666556367,-0.9999998747820693,0.00009547389302964997,0.0004912439124686643,0.0001099139991032653,0.9995653813252279,0.029479422909285288,0.00003710253440658562,-0.13612033426761627,0.07713641226291656,-0.004742456134408712,-9.891542029905054e-10,0.000022594058464164846,0,0,0,0,0,16,0.016,0.15645693616621884,0.07713642118605636,0.0004884281906185395,0.027984873917653582,0.029483744686824197,1.6892941347962915,0.0000955154055182744,0.005472629614677697,-9.891542029905054e-10,0.000051352554571217174,0.9998913094385476,0.014741326273479514,-0.00024489156887453706,-0.007032375245291801,2.2527406554620195,-4.445742688973237,0.0004495839200981704,-0.2707929882148597,0.962637499481485,1.7453292519943295,0,web_chase,1,tarmac,1.6,0,7147.24267578125,0,0.05600041151046753,0.9986783214027072,-0.23225069046020508,5.086393539105551,7147.24267578125,1,tarmac,1.6,0,7143.31884765625,0,0.056148260831832886,0.9986783214027072,-0.23225069046020508,5.083961788808004,7143.31884765625,1,tarmac,1.6,0,6201.35595703125,0,0.1345670223236084,0.9989656428369013,-0.23109197616577148,5.083931748067037,6201.35595703125,1,tarmac,1.6,0,6197.15625,0,0.13470932841300964,0.9989656428369013,-0.23108482360839844,5.081629578267233,6197.15625,0,1000,0.25,0,0,1,0,0.278751479063304,0.08115179272018089,-0.000012215854800390767,0.9986783214027072,0.9989656428369013,-1.2335443754622767e-14,-4.718197035100501e-9,0.0013171227221852625,133.47,0.08559043993604634,0.011340636641228474,0.000024431709600781533,0.001399833846135511,tarmac,1.6,4,0,26689.07373046875,100,1,0.3333333333337789,0,7147.24267578125,-0.23225069046020508,0,7143.31884765625,-0.23225069046020508,0,6201.35595703125,-0.23109197616577148,0,6197.15625,-0.23108482360839844
2026-04-27T20:54:07.701Z,1,0.019,WebPort,true,false,webtest,webtest,car_10,car_10,0,0,0,-0.004776763264089823,0.6631039381027222,0.3521069288253784,0.00048822698682288895,-0.029394717640952892,0.9995677626900631,-0.9999998748164194,0.00009515298714836038,0.000491236251530711,0.00010955160938590827,0.9995678773953863,0.02939466750496068,0.00003714178455993533,-0.13614121079444885,0.07711070775985718,-0.005012317560613155,-1.4201929632307042e-9,0.000021434283553389832,0,0,0,0,0,17,0.017,0.15646242969900734,0.07711071670486702,0.0004884380691542486,0.027985439916057484,0.029398952369196357,1.6844358928610836,0.00009519412239304982,0.005454221447573555,-1.4201929632307042e-9,0.00005118168015740046,0.9998919335235519,0.014698934748564207,-0.00024489227423358574,-0.007032281623872428,2.2526370043533372,-4.444491728443758,0.00044965429916123275,-0.2707706927010403,0.9626437709688929,1.7453292519943295,0,web_chase,1,tarmac,1.6,0,7143.626953125,0,0.056122273206710815,0.9986487728429544,-0.2318859100341797,5.082528773938314,7143.626953125,1,tarmac,1.6,0,7139.71728515625,0,0.056269556283950806,0.9986487728429544,-0.23187875747680664,5.080097142850057,7139.71728515625,1,tarmac,1.6,0,6204.4716796875,0,0.1344754695892334,0.9989425178770948,-0.23065567016601562,5.080087486897604,6204.4716796875,1,tarmac,1.6,0,6200.28564453125,0,0.13461726903915405,0.9989425178770948,-0.23065567016601562,5.077785317097799,6200.28564453125,0,1000,0.25,0,0,1,0,0.2786586010753333,0.08111565235420921,-0.000012205675039878646,0.9986487728429544,0.9989425178770948,-1.2237542239375527e-14,-4.710336741507928e-9,0.001315949841165486,133.47,0.08559043993604634,0.011507787767347871,0.00002441135007975729,0.0013986673315086098,tarmac,1.6,4,0,26688.1015625,100,1,0.6666666666671137,0,7143.626953125,-0.2318859100341797,0,7139.71728515625,-0.23187875747680664,0,6204.4716796875,-0.23065567016601562,0,6200.28564453125,-0.23065567016601562
2026-04-27T20:54:07.718Z,2,0.036,WebPort,true,false,webtest,webtest,car_10,car_10,0,0,0,-0.004776352550834417,0.663117527961731,0.3533376455307007,0.0004882370683524556,-0.029307348226069528,0.9995703281733213,-0.9999998748481804,0.00009486041126614275,0.0004912281812645031,0.00010921624778673217,0.999570442911083,0.029307298243832484,0.00003719595406437293,-0.13617174327373505,0.07708501815795898,-0.005166999530047178,-1.7926695683456728e-9,0.000019834078557323664,0,0,0,0,0,16,0.016,0.15647634030152888,0.07708502713206933,0.0004884469013968861,0.027985945966284245,0.02931154529631338,1.6794278364852968,0.000094901176454457,0.005437436881666688,-1.7926695683456728e-9,0.00005102464608727861,0.9998925749715047,0.014655235956615748,-0.0002448926200009216,-0.007032145175527154,2.2525280504520495,-4.443242529496199,0.0004497191328077565,-0.27074749281923816,0.9626502962575756,1.7453292519943295,0,web_chase,1,tarmac,1.6,0,7139.9833984375,0,0.056249380111694336,0.9986289676126193,-0.23163557052612305,5.078668181096212,7139.9833984375,1,tarmac,1.6,0,7136.083984375,0,0.05639618635177612,0.9986289676126193,-0.23163557052612305,5.076236550007955,7136.083984375,1,tarmac,1.6,0,6207.67431640625,0,0.1343771517276764,0.9989270181316151,-0.2303767204284668,5.076247874890463,6207.67431640625,1,tarmac,1.6,0,6203.5,0,0.13451850414276123,0.9989270181316151,-0.2303767204284668,5.073945705090658,6203.5,0,1000,0.25,0,0,1,0,0.2785657530307638,0.08107922821918956,-0.000012216447758647806,0.9986289676126193,0.9989270181316151,-1.218282065352971e-14,-4.718655089598146e-9,0.001314768279572204,133.47,0.08559043993604634,0.011595335596399137,0.000024432895517295612,0.001399901794146582,tarmac,1.6,4,0,26687.24169921875,100,1,4.4755865680201623e-13,0,7139.9833984375,-0.23163557052612305,0,7136.083984375,-0.23163557052612305,0,6207.67431640625,-0.2303767204284668,0,6203.5,-0.2303767204284668
2026-04-27T20:54:07.734Z,3,0.053,WebPort,true,false,webtest,webtest,car_10,car_10,0,0,0,-0.004775920417159796,0.6631304025650024,0.3545672297477722,0.00048824596482861056,-0.029219263724278233,0.999572906917394,-0.9999998748767105,0.00009460215618832047,0.0004912199057119892,0.00010891483623342647,0.9995730216836802,0.0292192138791468,0.00003726394061231986,-0.13621076941490173,0.07705933600664139,-0.005208679009228945,-2.158170309130014e-9,0.00001782281105988659,0,0,0,0,0,17,0.017,0.15649765608144187,0.07705934501658918,0.0004884545415546255,0.027986383715077532,0.029223423055064857,1.6743788039805227,0.00009464256622944401,0.005422619607234515,-2.158170309130014e-9,0.000050884681585286464,0.9998932197337104,0.01461117958650331,-0.00024489261733404117,-0.007031956150713091,2.252417483985936,-4.441994276643157,0.00044977719269952534,-0.27072412589734557,0.9626568679221041,1.7453292519943295,0,web_chase,1,tarmac,1.6,0,7136.380859375,0,0.05637916922569275,0.9986185849654861,-0.23151397705078125,5.0748096148120325,7136.380859375,1,tarmac,1.6,0,7132.490234375,0,0.056525588035583496,0.9986185849654861,-0.23151397705078125,5.072377983723776,7132.490234375,1,tarmac,1.6,0,6210.8876953125,0,0.13427457213401794,0.9989188925816848,-0.23024797439575195,5.0724104086505335,6210.8876953125,1,tarmac,1.6,0,6206.72607421875,0,0.13441547751426697,0.9989188925816848,-0.23024797439575195,5.070108238850729,6206.72607421875,0,1000,0.25,0,0,1,0,0.27847293700784487,0.08104274775651535,-0.000012246923706530316,0.9986185849654861,0.9989188925816848,-1.2169754003605806e-14,-4.74222738549169e-9,0.001313585422782663,133.47,0.08559043993604634,0.011601410430022885,0.000024493847413060632,0.001403394080525149,tarmac,1.6,4,0,26686.48486328125,100,1,0.33333333333378234,0,7136.380859375,-0.23151397705078125,0,7132.490234375,-0.23151397705078125,0,6210.8876953125,-0.23024797439575195,0,6206.72607421875,-0.23024797439575195
2026-04-27T20:54:07.752Z,4,0.07,WebPort,true,false,webtest,webtest,car_10,car_10,0,0,0,-0.0047754631377756596,0.6631426215171814,0.3557971715927124,0.0004882535094154948,-0.02913231821566988,0.9995754446983437,-0.9999998749013801,0.00009438413644384057,0.0004912116235320534,0.00010865419848629273,0.9995755594886341,0.02913226848787123,0.00003734552228706889,-0.1362573504447937,0.07703366130590439,-0.00514162378385663,-2.5053106256223145e-9,0.000015415156667586416,0,0,0,0,0,17,0.017,0.15652556314901456,0.0770336703583623,0.0004884608492272323,0.02798674511809645,0.029136440517614787,1.669395071693295,0.00009442421362484931,0.00541010892454555,-2.5053106256223145e-9,0.00005076497221845197,0.9998938542525849,0.014567692974544175,-0.00024489227751071967,-0.007031704742962504,2.25230768507608,-4.440745960069149,0.00044982705407693474,-0.2707010207183476,0.9626633653763221,1.7453292519943295,0,web_chase,1,tarmac,1.6,0,7132.88134765625,0,0.05650922656059265,0.9986178472295592,-0.2315068244934082,5.070951167737142,7132.88134765625,1,tarmac,1.6,0,7128.9990234375,0,0.05665522813796997,0.9986178472295592,-0.2315068244934082,5.0685195366488855,7128.9990234375,1,tarmac,1.6,0,6214.041015625,0,0.134170264005661,0.9989183152231332,-0.23026227951049805,5.068572703992025,6214.041015625,1,tarmac,1.6,0,6209.88916015625,0,0.1343107521533966,0.9989183152231332,-0.230255126953125,5.06627065340151,6209.88916015625,0,1000,0.25,0,0,1,0,0.2783801525532673,0.08100642108487224,-0.000012296688665041983,0.9986178472295592,0.9989183152231332,-1.219868186363432e-14,-4.78084544793118e-9,0.0013124080816376373,133.47,0.08559043993604634,0.011533406249029154,0.000024593377330083967,0.0014090967247024383,tarmac,1.6,4,0,26685.810546875,100,1,0.6666666666671172,0,7132.88134765625,-0.2315068244934082,0,7128.9990234375,-0.2315068244934082,0,6214.041015625,-0.23026227951049805,0,6209.88916015625,-0.230255126953125
2026-04-27T20:54:07.769Z,5,0.087,WebPort,true,false,webtest,webtest,car_10,car_10,0,0,0,-0.004774972330778837,0.6631541848182678,0.3570284843444824,0.00048826014332728506,-0.0290482321354715,0.9995778918182597,-0.9999998749216092,0.00009420915232050647,0.0004912040328235428,0.00010843799463785514,0.9995780066280168,0.029048182503591136,0.000037432939279824495,-0.136310875415802,0.07700799405574799,-0.00497231911867857,-2.6367086292111708e-9,0.00001278726904274663,0,0,0,0,0,16,0.016,0.15655953278653253,0.07700800315366618,0.0004884662901119995,0.027987056857830428,0.029052318836119376,1.6645752543780643,0.00009424892446299751,0.005400065595377056,-2.6367086292111708e-9,0.0000506671338397106,0.9998944661022838,0.014525636606813582,-0.00024489188843321226,-0.007031380154721833,2.2522008380544314,-4.439497002525654,0.00044986808347782076,-0.2706785823069751,0.9626696747581662,1.7453292519943295,0,web_chase,1,tarmac,1.6,0,7129.544921875,0,0.056637078523635864,0.9986258782934657,-0.23160696029663086,5.0670910517321985,7129.544921875,1,tarmac,1.6,0,7125.67041015625,0,0.05678272247314453,0.9986258782934657,-0.23160696029663086,5.064659420643942,7125.67041015625,1,tarmac,1.6,0,6217.06201171875,0,0.13406676054000854,0.9989246004035819,-0.23040533065795898,5.064732615147726,6217.06201171875,1,tarmac,1.6,0,6212.9150390625,0,0.13420698046684265,0.9989246004035819,-0.23040533065795898,5.062430564557211,6212.9150390625,0,1000,0.25,0,0,1,0,0.2782873992534075,0.08097046698305506,-0.000012366220134361575,0.9986258782934657,0.9989246004035819,-1.2271968880449898e-14,-4.835064766378036e-9,0.0013112433352754822,133.47,0.08559043993604634,0.011396409773300059,0.00002473244026872315,0.0014170644441683037,tarmac,1.6,4,0,26685.1923828125,100,1,4.5102810375396984e-13,0,7129.544921875,-0.23160696029663086,0,7125.67041015625,-0.23160696029663086,0,6217.06201171875,-0.23040533065795898,0,6212.9150390625,-0.23040533065795898
2026-04-27T20:54:07.784Z,6,0.103,WebPort,true,false,webtest,webtest,car_10,car_10,0,0,0,-0.004774452652782202,0.6631650924682617,0.358262300491333,0.000488265174748609,-0.02896859112453528,0.9995802030479489,-0.9999998749375347,0.00009407856280510984,0.0004911966399567593,0.00010826834353584384,0.9995803178721977,0.028968541566365955,0.00003752357588382438,-0.13637082278728485,0.07698233425617218,-0.0047090863808989525,-2.7004090075166687e-9,0.00001002724911813857,0,0,0,0,0,17,0.017,0.15659911399247703,0.07698234340124863,0.0004884701942134405,0.02798728054636579,0.02897264429552413,1.660010239467313,0.00009411806219592764,0.005392567739776439,-2.7004090075166687e-9,0.00005059203652432274,0.9998950439743265,0.014485803545094086,-0.0002448911564788487,-0.007030985629967948,2.252100077101657,-4.4382463211747805,0.0004498998899867307,-0.2706574385730804,0.9626756195807331,1.7453292519943295,0,web_chase,1,tarmac,1.6,0,7126.4306640625,0,0.056760430335998535,0.9986420749891093,-0.23180723190307617,5.063227597867147,7126.4306640625,1,tarmac,1.6,0,7122.560546875,0,0.056905776262283325,0.9986420749891093,-0.23180723190307617,5.06079596677889,7122.560546875,1,tarmac,1.6,0,6219.88427734375,0,0.13396647572517395,0.9989372760784334,-0.23067712783813477,5.060887996350424,6219.88427734375,1,tarmac,1.6,0,6215.74365234375,0,0.13410639762878418,0.9989372760784334,-0.23066997528076172,5.058586064969198,6215.74365234375,0,1000,0.25,0,0,1,0,0.27819467672969755,0.0809350965800775,-0.000012448029382926742,0.9986420749891093,0.9989372760784334,-1.2375998818527202e-14,-4.899249522961746e-9,0.0013100980026759814,133.47,0.08559043993604634,0.011195492423155484,0.000024896058765853485,0.0014264390934983727,tarmac,1.6,4,0,26684.619140625,100,1,0.3333333333337858,0,7126.4306640625,-0.23180723190307617,0,7122.560546875,-0.23180723190307617,0,6219.88427734375,-0.23067712783813477,0,6215.74365234375,-0.23066997528076172
2026-04-27T20:54:07.801Z,7,0.119,WebPort,true,false,webtest,webtest,car_10,car_10,0,0,0,-0.004774452652782202,0.6631650924682617,0.358262300491333,0.000488265174748609,-0.02896859112453528,0.9995802030479489,-0.9999998749375347,0.00009407856280510984,0.0004911966399567593,0.00010826834353584384,0.9995803178721977,0.028968541566365955,0.00003752357588382438,-0.13637082278728485,0.07698233425617218,-0.0047090863808989525,-2.7004090075166687e-9,0.00001002724911813857,0,0,0,0,0,16,0.016,0.15659911399247703,0.07698234340124863,0.0004884701942134405,0.02798728054636579,0.02897264429552413,1.660010239467313,0.00009411806219592764,0.005392567739776439,-2.7004090075166687e-9,0.00005059203652432274,0.9998950439743265,0.014485803545094086,-0.0002448911564788487,-0.007030993344818499,2.25210592630956,-4.438244482713107,0.0004499014521355142,-0.27065876670184,0.9626752461739745,1.7453292519943295,0,web_chase,1,tarmac,1.6,0,7126.4306640625,0,0.056760430335998535,0.9986420749891093,-0.23180723190307617,5.063227597867147,7126.4306640625,1,tarmac,1.6,0,7122.560546875,0,0.056905776262283325,0.9986420749891093,-0.23180723190307617,5.06079596677889,7122.560546875,1,tarmac,1.6,0,6219.88427734375,0,0.13396647572517395,0.9989372760784334,-0.23067712783813477,5.060887996350424,6219.88427734375,1,tarmac,1.6,0,6215.74365234375,0,0.13410639762878418,0.9989372760784334,-0.23066997528076172,5.058586064969198,6215.74365234375,0,1000,0.25,0,0,1,0,0.27819467672969755,0.0809350965800775,-0.000012448029382926742,0.9986420749891093,0.9989372760784334,-1.2375998818527202e-14,-4.899249522961746e-9,0.0013100980026759814,133.47,0.08559043993604634,0.011195492423155484,0.000024896058765853485,0.0014264390934983727,tarmac,1.6,4,0,26684.619140625,100,0,16.333333333333787,0,7126.4306640625,-0.23180723190307617,0,7122.560546875,-0.23180723190307617,0,6219.88427734375,-0.23067712783813477,0,6215.74365234375,-0.23066997528076172
2026-04-27T20:54:07.818Z,8,0.136,WebPort,true,false,webtest,webtest,car_10,car_10,0,0,0,-0.004773323889821768,0.6631852388381958,0.3607402443885803,0.00048827142792140374,-0.028828163903665358,0.9995842628597932,-0.9999998749557862,0.00009395051234434026,0.0004911839910623426,0.00010807138622821899,0.9995843776986737,0.02882811442551946,0.00003770134208025411,-0.13650871813297272,0.07693103700876236,-0.003941199276596308,-2.609319427193668e-9,0.0000044484968384495005,0,0,0,0,0,17,0.017,0.15669402031648225,0.0769310462468486,0.0004884744660639456,0.02798752530537044,0.028832158401261437,1.6519609906449395,0.00009398957623166014,0.005385206036297242,-2.609319427193668e-9,0.00005051072477649371,0.9998960590374198,0.014415567950305101,-0.0002448893087764164,-0.007029982506984091,2.2519238120383456,-4.435738482349273,0.00044993521330251925,-0.2706202654537703,0.9626860700581654,1.7453292519943295,0,web_chase,1,tarmac,1.6,0,7121.04296875,0,0.056985557079315186,0.9986965789593014,-0.23247241973876953,5.055484716092245,7121.04296875,1,tarmac,1.6,0,7117.1748046875,0,0.057130664587020874,0.9986965789593014,-0.23247241973876953,5.053053085003988,7117.1748046875,1,tarmac,1.6,0,6224.7373046875,0,0.13378357887268066,0.9989799313594533,-0.23152828216552734,5.053178373967306,6224.7373046875,1,tarmac,1.6,0,6220.59814453125,0,0.1339232325553894,0.9989799313594533,-0.23152828216552734,5.05087644258608,6220.59814453125,0,1000,0.25,0,0,1,0,0.2780093226574674,0.08086687695669978,-0.000012638982442172804,0.9986965789593014,0.9989799313594533,-1.266211733213097e-14,-5.050711598856675e-9,0.0013078903896947798,133.47,0.08559043993604634,0.010626681083199363,0.000025277964884345608,0.001448320702244423,tarmac,1.6,4,0,26683.55322265625,100,2,4.5102810375396984e-13,0,7121.04296875,-0.23247241973876953,0,7117.1748046875,-0.23247241973876953,0,6224.7373046875,-0.23152828216552734,0,6220.59814453125,-0.23152828216552734
2026-04-27T20:54:07.835Z,9,0.153,WebPort,true,false,webtest,webtest,car_10,car_10,0,0,0,-0.0047727106139063835,0.663194477558136,0.36198580265045166,0.000488272568526983,-0.0287696559135202,0.9995859485249464,-0.9999998749584036,0.0000939498663442295,0.0004911787861013466,0.00010804201093164473,0.9995860633642509,0.02876960644297391,0.00003778579048230313,-0.13658639788627625,0.07690540701150894,-0.0034597963094711304,-2.553442124408889e-9,0.0000017325158978565014,0,0,0,0,0,17,0.017,0.15674912166554547,0.07690541629411944,0.0004884747833963899,0.0279875434871802,0.028773626133408448,1.6486073387316338,0.00009398877146343969,0.005385159926474724,-2.553442124408889e-9,0.000050503197384821006,0.9998964804978062,0.01438630485224023,-0.0002448881893605379,-0.0070293732570233716,2.2518520659241656,-4.4344802005149715,0.00044993936535524405,-0.2706049693541876,0.9626903698050515,1.7453292519943295,0,web_chase,1,tarmac,1.6,0,7118.8427734375,0,0.057083964347839355,0.9987331463806151,-0.2329087257385254,5.051602903996603,7118.8427734375,1,tarmac,1.6,0,7114.9736328125,0,0.05722895264625549,0.9987331463806151,-0.2329087257385254,5.049171272908346,7114.9736328125,1,tarmac,1.6,0,6226.67919921875,0,0.13370463252067566,0.999008549341351,-0.23207902908325195,5.049310390149252,6226.67919921875,1,tarmac,1.6,0,6222.5400390625,0,0.13384419679641724,0.999008549341351,-0.23207902908325195,5.047008458768026,6222.5400390625,0,1000,0.25,0,0,1,0,0.27791669050389944,0.08083436802854792,-0.000012739107579452672,0.9987331463806151,0.999008549341351,-1.2828042578727603e-14,-5.131051336229653e-9,0.0013068390433719184,133.47,0.08559043993604634,0.010278064327054331,0.000025478215158905343,0.0014597941978156423,tarmac,1.6,4,0,26683.03564453125,100,1,0.3333333333337858,0,7118.8427734375,-0.2329087257385254,0,7114.9736328125,-0.2329087257385254,0,6226.67919921875,-0.23207902908325195,0,6222.5400390625,-0.23207902908325195
2026-04-27T20:54:07.851Z,10,0.169,WebPort,true,false,webtest,webtest,car_10,car_10,0,0,0,-0.0047727106139063835,0.663194477558136,0.36198580265045166,0.000488272568526983,-0.0287696559135202,0.9995859485249464,-0.9999998749584036,0.0000939498663442295,0.0004911787861013466,0.00010804201093164473,0.9995860633642509,0.02876960644297391,0.00003778579048230313,-0.13658639788627625,0.07690540701150894,-0.0034597963094711304,-2.553442124408889e-9,0.0000017325158978565014,0,0,0,0,0,16,0.016,0.15674912166554547,0.07690541629411944,0.0004884747833963899,0.0279875434871802,0.028773626133408448,1.6486073387316338,0.00009398877146343969,0.005385159926474724,-2.553442124408889e-9,0.000050503197384821006,0.9998964804978062,0.01438630485224023,-0.0002448881893605379,-0.007029380330504867,2.2518573204941186,-4.43447854930177,0.0004499407976860104,-0.27060616246650754,0.9626900344287506,1.7453292519943295,0,web_chase,1,tarmac,1.6,0,7118.8427734375,0,0.057083964347839355,0.9987331463806151,-0.2329087257385254,5.051602903996603,7118.8427734375,1,tarmac,1.6,0,7114.9736328125,0,0.05722895264625549,0.9987331463806151,-0.2329087257385254,5.049171272908346,7114.9736328125,1,tarmac,1.6,0,6226.67919921875,0,0.13370463252067566,0.999008549341351,-0.23207902908325195,5.049310390149252,6226.67919921875,1,tarmac,1.6,0,6222.5400390625,0,0.13384419679641724,0.999008549341351,-0.23207902908325195,5.047008458768026,6222.5400390625,0,1000,0.25,0,0,1,0,0.27791669050389944,0.08083436802854792,-0.000012739107579452672,0.9987331463806151,0.999008549341351,-1.2828042578727603e-14,-5.131051336229653e-9,0.0013068390433719184,133.47,0.08559043993604634,0.010278064327054331,0.000025478215158905343,0.0014597941978156423,tarmac,1.6,4,0,26683.03564453125,100,0,16.333333333333787,0,7118.8427734375,-0.2329087257385254,0,7114.9736328125,-0.2329087257385254,0,6226.67919921875,-0.23207902908325195,0,6222.5400390625,-0.23207902908325195
2026-04-27T20:54:07.868Z,11,0.186,WebPort,true,false,webtest,webtest,car_10,car_10,0,0,0,-0.004771409556269646,0.6632111072540283,0.3644930124282837,0.00048827125428122203,-0.028680140351267095,0.9995885209127875,-0.9999998749523873,0.00009405547041335364,0.0004911708238385852,0.00010810361671837874,0.9995886357412234,0.028680090840301504,0.00003792233837884851,-0.13675884902477264,0.0768541693687439,-0.002365731867030263,-2.127904075166498e-9,-0.0000029800862648698967,0,0,0,0,0,17,0.017,0.15687430501533345,0.07685417872479883,0.0004884722115462863,0.027987396131023728,0.028684073617725347,1.6434763575382132,0.00009409417711719856,0.005391199225571925,-2.127904075166498e-9,0.000050544971664672444,0.999897123659029,0.014341533202351922,-0.0002448857124760074,-0.007027979179053771,2.2517466041474403,-4.431952952839021,0.00044992405664445755,-0.27058197743959594,0.9626968323689558,1.7453292519943295,0,web_chase,1,tarmac,1.6,0,7115.5625,0,0.05724528431892395,0.9988192218464278,-0.23392438888549805,5.043814245854513,7115.5625,1,tarmac,1.6,0,7111.6865234375,0,0.05739033222198486,0.9988192218464278,-0.233917236328125,5.041382733975546,7111.6865234375,1,tarmac,1.6,0,6229.4560546875,0,0.1335785984992981,0.9990759127493782,-0.23335933685302734,5.041542832051412,6229.4560546875,1,tarmac,1.6,0,6225.3115234375,0,0.13371822237968445,0.9990759127493782,-0.23335933685302734,5.039240900670187,6225.3115234375,0,1000,0.25,0,0,1,0,0.27773152148284486,0.08077325407033259,-0.000012938582025356462,0.9988192218464278,0.9990759127493782,-1.3188229646378434e-14,-5.292997834400872e-9,0.001304863748103481,133.47,0.08559043993604634,0.009497979946237689,0.000025877164050712925,0.0014826522855425663,tarmac,1.6,4,0,26682.0166015625,100,2,4.5102810375396984e-13,0,7115.5625,-0.23392438888549805,0,7111.6865234375,-0.233917236328125,0,6229.4560546875,-0.23335933685302734,0,6225.3115234375,-0.23335933685302734
2026-04-27T20:54:07.885Z,12,0.203,WebPort,true,false,webtest,webtest,car_10,car_10,0,0,0,-0.004770725499838591,0.6632184386253357,0.36575523018836975,0.00048826900189121293,-0.02865004865704264,0.9995893838498542,-0.9999998749444169,0.00009415415832811473,0.0004911681436200191,0.00010818748832360471,0.9995894986677999,0.0286499991016372,0.00003797443787334487,-0.13685348629951477,0.07682856172323227,-0.0017795473104342818,-1.7246325478836866e-9,-0.00000496204074806883,0,0,0,0,0,17,0.017,0.1569442768974069,0.07682857110813947,0.0004884695365377027,0.02798724286432172,0.028653969552889,1.6417515216769023,0.00009419282432953142,0.005396851294499328,-1.7246325478836866e-9,0.00005059060532416099,0.999897339413161,0.014326482704791777,-0.00024488442635672565,-0.007027205241257141,2.251714533813397,-4.430683483200755,0.00044990610644240006,-0.2705746207276717,0.9626989000734198,1.7453292519943295,0,web_chase,1,tarmac,1.6,0,7114.5087890625,0,0.057306379079818726,0.9988667484345659,-0.2344679832458496,5.039906446133749,7114.5087890625,1,tarmac,1.6,0,7110.6279296875,0,0.057451486587524414,0.9988667484345659,-0.2344679832458496,5.0374749342547815,7110.6279296875,1,tarmac,1.6,0,6230.2666015625,0,0.1335332691669464,0.9991131074705298,-0.23404598236083984,5.037642065678732,6230.2666015625,1,tarmac,1.6,0,6226.11474609375,0,0.1336730420589447,0.9991131074705298,-0.23404598236083984,5.035340134297506,6226.11474609375,0,1000,0.25,0,0,1,0,0.27763898376046375,0.08074482698597953,-0.00001303672583068832,0.9988667484345659,0.9991131074705298,-1.3380386041242748e-14,-5.373600971612694e-9,0.0013039454509903977,133.47,0.08559043993604634,0.009085464862156806,0.00002607345166137664,0.001493898737196716,tarmac,1.6,4,0,26681.51806640625,100,1,0.3333333333337858,0,7114.5087890625,-0.2344679832458496,0,7110.6279296875,-0.2344679832458496,0,6230.2666015625,-0.23404598236083984,0,6226.11474609375,-0.23404598236083984
2026-04-27T20:54:07.902Z,13,0.22,WebPort,true,false,webtest,webtest,car_10,car_10,0,0,0,-0.004770024213939905,0.6632249355316162,0.3670230209827423,0.0004882664416219093,-0.028630009764063647,0.9995899580011754,-0.999999874933516,0.000094276286768215,0.0004911669106286266,0.00010829974297822944,0.9995900728062936,0.028629960151461936,0.00003801474304054864,-0.13695353269577026,0.07680296152830124,-0.0011848515132442117,-1.4102575773833337e-9,-0.000006635691079281969,0,0,0,0,0,17,0.017,0.15701900032317692,0.0768029709362757,0.0004884666946483307,0.027987080036054865,0.028633922436386572,1.640602906509906,0.00009431494875094211,0.005403848508421638,-1.4102575773833337e-9,0.00005064919984251797,0.9998974829627518,0.014316460159960881,-0.00024488344278765983,-0.007026392612794349,2.2516963730082225,-4.429410366369742,0.00044988288673858965,-0.2705700805947463,0.962700176115254,1.7453292519943295,0,web_chase,1,tarmac,1.6,0,7113.85205078125,0,0.05735355615615845,0.9989155836102951,-0.23502588272094727,5.0359893480884,7113.85205078125,1,tarmac,1.6,0,7109.96484375,0,0.05749887228012085,0.9989155836102951,-0.23502588272094727,5.033557836209432,7109.96484375,1,tarmac,1.6,0,6230.6865234375,0,0.13350051641464233,0.9991513263037092,-0.23474693298339844,5.033729616795675,6230.6865234375,1,tarmac,1.6,0,6226.53125,0,0.1336403489112854,0.9991513263037092,-0.23474693298339844,5.0314276854144495,6226.53125,0,1000,0.25,0,0,1,0,0.27754647672133836,0.08071789225810413,-0.000013124015902632338,0.9989155836102951,0.9991513263037092,-1.3560153704041584e-14,-5.445801978470263e-9,0.00130307566056614,133.47,0.08559043993604634,0.008668960747592547,0.000026248031805264677,0.0015039014426214414,tarmac,1.6,4,0,26681.03466796875,100,1,0.6666666666671206,0,7113.85205078125,-0.23502588272094727,0,7109.96484375,-0.23502588272094727,0,6230.6865234375,-0.23474693298339844,0,6226.53125,-0.23474693298339844
2026-04-27T20:54:07.918Z,14,0.236,WebPort,true,false,webtest,webtest,car_10,car_10,0,0,0,-0.0047693015076220036,0.6632306575775146,0.36829668283462524,0.0004882622888594489,-0.028619956978410323,0.999590245882027,-0.9999998749206945,0.00009441831446490849,0.0004911657330676322,0.0001084367683214094,0.9995903606716783,0.02861990729774364,0.000038047644920879975,-0.1370585709810257,0.0767773687839508,-0.0005941122653894126,-1.2355865219859652e-9,-0.000008103789696178865,0,0,0,0,0,16,0.016,0.15709811483391814,0.07677737821135902,0.0004884623995067235,0.027986833942568363,0.028623865529626064,1.6400266881975722,0.00009445700748920761,0.005411987874567205,-1.2355865219859652e-9,0.00005071896660431846,0.9998975549368044,0.01431143220461511,-0.000244882092443206,-0.00702553799050456,2.251691814181488,-4.428133376295914,0.00044985464585493265,-0.27056827728694827,0.962700682952272,1.7453292519943295,0,web_chase,1,tarmac,1.6,0,7113.5859375,0,0.057386577129364014,0.9989648978906132,-0.23558378219604492,5.032062951718466,7113.5859375,1,tarmac,1.6,0,7109.693359375,0,0.057532042264938354,0.9989648978906132,-0.23558378219604492,5.029631439839498,7109.693359375,1,tarmac,1.6,0,6230.7353515625,0,0.13348016142845154,0.999189920088306,-0.23544073104858398,5.029805604611532,6230.7353515625,1,tarmac,1.6,0,6226.57080078125,0,0.1336202621459961,0.999189920088306,-0.23544073104858398,5.0275036732303064,6226.57080078125,0,1000,0.25,0,0,1,0,0.27745400002544207,0.08069246862806675,-0.000013203135467539959,0.9989648978906132,0.999189920088306,-1.3732334399846664e-14,-5.511661126736433e-9,0.0013022549335228648,133.47,0.08559043993604634,0.00825547882870431,0.000026406270935079918,0.0015129678769073933,tarmac,1.6,4,0,26680.58544921875,100,1,4.5449755070592346e-13,0,7113.5859375,-0.23558378219604492,0,7109.693359375,-0.23558378219604492,0,6230.7353515625,-0.23544073104858398,0,6226.57080078125,-0.23544073104858398
2026-04-27T20:54:07.935Z,15,0.253,WebPort,true,false,webtest,webtest,car_10,car_10,0,0,0,-0.004768568091094494,0.6632354259490967,0.36957603693008423,0.0004882580012605825,-0.028619621911498028,0.9995902554775967,-0.9999998749060318,0.00009457295251090743,0.0004911658348367839,0.00010859118225052265,0.999590370250534,0.028619572155355197,0.00003806220047408715,-0.13716833293437958,0.07675179094076157,-0.000019378850993234664,-7.22619353243914e-10,-0.000009131499609793536,0,0,0,0,0,17,0.017,0.15718139336875175,0.07675180037852841,0.0004884581054623447,0.027986587911948413,0.028623530325404038,1.6400074824103752,0.0000946117079989656,0.00542085156086486,-7.22619353243914e-10,0.000050796237392439344,0.9998975573320202,0.014311264600841183,-0.000244881045291959,-0.007024661197875687,2.2517008618190375,-4.426852459137596,0.0004498233412685361,-0.2705692666481172,0.9627004049051096,1.7453292519943295,0,web_chase,1,tarmac,1.6,0,7113.69970703125,0,0.05740553140640259,0.9990138587269398,-0.23612022399902344,5.028127614651815,7113.69970703125,1,tarmac,1.6,0,7109.7978515625,0,0.05755126476287842,0.9990138587269398,-0.23612022399902344,5.025696102772848,7109.7978515625,1,tarmac,1.6,0,6230.41796875,0,0.1334724724292755,0.9992282372645616,-0.2361130714416504,5.025870386754171,6230.41796875,1,tarmac,1.6,0,6226.24755859375,0,0.133612722158432,0.9992282372645616,-0.2361130714416504,5.023568455372946,6226.24755859375,0,1000,0.25,0,0,1,0,0.27736155336320995,0.080668537923154,-0.000013278066795131306,0.9990138587269398,0.9992282372645616,-1.3904685327875353e-14,-5.574398954072479e-9,0.0013014826373932786,133.47,0.08559043993604634,0.007858930246942758,0.000026556133590262612,0.0015215543745499649,tarmac,1.6,4,0,26680.1630859375,100,1,0.3333333333337893,0,7113.69970703125,-0.23612022399902344,0,7109.7978515625,-0.23612022399902344,0,6230.41796875,-0.2361130714416504,0,6226.24755859375,-0.2361130714416504
2026-04-27T20:54:07.952Z,16,0.269,WebPort,true,false,webtest,webtest,car_10,car_10,0,0,0,-0.004767826292663813,0.663239061832428,0.37086087465286255,0.00048825374213401094,-0.028628557912758604,0.9995899995898914,-0.9999998748898509,0.0000947366442209766,0.0004911672333211467,0.00010875921174197761,0.9995901143452772,0.02862850807551441,0.000038070036680437624,-0.13728216290473938,0.07672622054815292,0.0005283085629343987,-5.697708416185776e-10,-0.000009938955372490454,0,0,0,0,0,17,0.017,0.1572682632343058,0.07672622999295284,0.000488453969631501,0.027986350946296288,0.028632469989720803,1.6405196874459895,0.00009477549105152399,0.005430235638532225,-5.697708416185776e-10,0.00005087917944501277,0.9998974933493208,0.014315733955007999,-0.00024488034572784723,-0.0070237678571496535,2.2517223978251915,-4.425567827187501,0.000449789717615319,-0.270572859000824,0.9626993952742104,1.7453292519943295,0,web_chase,1,tarmac,1.6,0,7114.17138671875,0,0.05741065740585327,0.999060815020315,-0.23662805557250977,5.024183813725607,7114.17138671875,1,tarmac,1.6,0,7110.2646484375,0,0.05755656957626343,0.999060815020315,-0.23662805557250977,5.0217523018466395,7110.2646484375,1,tarmac,1.6,0,6229.77001953125,0,0.1334766447544098,0.9992649856680725,-0.2367568016052246,5.021924440060751,6229.77001953125,1,tarmac,1.6,0,6225.5908203125,0,0.13361716270446777,0.9992649856680725,-0.2367568016052246,5.019622508679525,6225.5908203125,0,1000,0.25,0,0,1,0,0.2772691387998435,0.08064606672582529,-0.000013336752476701408,0.999060815020315,0.9992649856680725,-1.4050677598296401e-14,-5.623782699247969e-9,0.0013007576512430463,133.47,0.08559043993604634,0.007483897329519235,0.000026673504953402815,0.0015282792582888322,tarmac,1.6,4,0,26679.796875,100,1,0.666666666667124,0,7114.17138671875,-0.23662805557250977,0,7110.2646484375,-0.23662805557250977,0,6229.77001953125,-0.2367568016052246,0,6225.5908203125,-0.2367568016052246
2026-04-27T20:54:07.968Z,17,0.286,WebPort,true,false,webtest,webtest,car_10,car_10,0,0,0,-0.004767078440636396,0.6632415652275085,0.372150719165802,0.0004882481769879226,-0.028646116951012886,0.9995894965421289,-0.9999998748732435,0.0000949056398190106,0.000491168420287503,0.0001089367487358935,0.9995896112788231,0.028646067029111565,0.000038068574212957174,-0.13739913702011108,0.07670065760612488,0.0010389449307695031,-3.160519623790492e-10,-0.00001049685033649439,0,0,0,0,0,17,0.017,0.15735792061507298,0.0767006670533467,0.0004884486480178369,0.02798604604029314,0.028650036232465027,1.641526159017136,0.00009494460372834239,0.00543992508117608,-3.160519623790492e-10,0.000050965827885485485,0.9998973675700666,0.014324516154931714,-0.0002448792818745956,-0.007022861484455981,2.2517554733390055,-4.4242798325195,0.0004497541207243358,-0.27057887309484474,0.962697704970753,1.7453292519943295,0,web_chase,1,tarmac,1.6,0,7114.9853515625,0,0.05740225315093994,0.9991052306777513,-0.23710012435913086,5.020232144986288,7114.9853515625,1,tarmac,1.6,0,7111.07080078125,0,0.057548463344573975,0.9991052306777513,-0.23710012435913086,5.017800633107321,7111.07080078125,1,tarmac,1.6,0,6228.822265625,0,0.13349205255508423,0.9992997457478053,-0.23734331130981445,5.017968718205587,6228.822265625,1,tarmac,1.6,0,6224.63623046875,0,0.1336328089237213,0.9992997457478053,-0.23734331130981445,5.015666786824362,6224.63623046875,0,1000,0.25,0,0,1,0,0.27717675587209734,0.08062497170520706,-0.000013390277872657717,0.9991052306777513,0.9992997457478053,-1.4192630468045151e-14,-5.669013986129858e-9,0.0013000772483529963,133.47,0.08559043993604634,0.0071348625769790675,0.000026780555745315433,0.001534412816854577,tarmac,1.6,4,0,26679.5146484375,100,1,1.0000000000004587,0,7114.9853515625,-0.23710012435913086,0,7111.07080078125,-0.23710012435913086,0,6228.822265625,-0.23734331130981445,0,6224.63623046875,-0.23734331130981445
2026-04-27T20:54:07.985Z,18,0.303,WebPort,true,false,webtest,webtest,car_10,car_10,0,0,0,-0.004766330122947693,0.663242757320404,0.3734451234340668,0.00048824284622218727,-0.028671539906466998,0.9995887676531359,-0.9999998748564706,0.00009507094354038308,0.0004911706007122594,0.00010911446477235739,0.9995888823716016,0.028671489900701258,0.00003804491279879585,-0.13751840591430664,0.07667510211467743,0.001503868494182825,2.9667149292755823e-10,-0.000010511579603189602,0,0,0,0,0,17,0.017,0.15744962590277442,0.07667511155330392,0.0004884436712315445,0.027985760891443046,0.028675469634653682,1.6429833856212046,0.0000951100446697165,0.005449404148875487,2.9667149292755823e-10,0.00005105160093195735,0.9998971853247225,0.014337231529596164,-0.00024487853884106527,-0.007021958070453929,2.251798795777471,-4.422988776690411,0.000449718822189113,-0.27058709607696735,0.9626953937718903,1.7453292519943295,0,web_chase,1,tarmac,1.6,0,7116.10205078125,0,0.05738136172294617,0.9991465679726323,-0.23751497268676758,5.016273562108175,7116.10205078125,1,tarmac,1.6,0,7112.1806640625,0,0.057527780532836914,0.9991465679726323,-0.23751497268676758,5.013842050229208,7112.1806640625,1,tarmac,1.6,0,6227.60986328125,0,0.13351783156394958,0.999332096674234,-0.23787260055541992,5.014004174862997,6227.60986328125,1,tarmac,1.6,0,6223.4140625,0,0.13365885615348816,0.999332096674234,-0.23787260055541992,5.011702243481771,6223.4140625,0,1000,0.25,0,0,1,0,0.27708440415689656,0.08060514205591489,-0.000013435581627620492,0.9991465679726323,0.999332096674234,-1.432309830803409e-14,-5.70743919117633e-9,0.0012994378212738144,133.47,0.08559043993604634,0.006825551865430851,0.000026871163255240985,0.0015396042447617649,tarmac,1.6,4,0,26679.306640625,100,1,1.3333333333337936,0,7116.10205078125,-0.23751497268676758,0,7112.1806640625,-0.23751497268676758,0,6227.60986328125,-0.23787260055541992,0,6223.4140625,-0.23787260055541992
