timestamp_utc,sample_index,race_time_seconds,game_state,is_racing,is_paused,level_id,level_name,car_id,car_name,player_steer,player_throttle,player_brake,position_x,position_y,position_z,forward_x,forward_y,forward_z,right_x,right_y,right_z,up_x,up_y,up_z,velocity_x,velocity_y,velocity_z,angular_velocity_x,angular_velocity_y,angular_velocity_z,vehicle_applied_throttle,vehicle_applied_brake,vehicle_applied_handbrake,vehicle_control_candidate_1dfc,vehicle_applied_steer,vehicle_frame_delta_ms,vehicle_frame_delta_seconds,speed_magnitude,planar_speed_magnitude,yaw_radians,yaw_degrees,pitch_radians,pitch_degrees,roll_radians,roll_degrees,yaw_rate,quat_x,quat_y,quat_z,quat_w,camera_position_x,camera_position_y,camera_position_z,camera_forward_x,camera_forward_y,camera_forward_z,camera_fov,camera_mode_index,camera_family,wheel_0_contact_flag,wheel_0_contact_ptr,wheel_0_contact_surface_44_candidate,wheel_0_contact_surface_48_candidate,wheel_0_contact_surface_4c_candidate,wheel_0_contact_surface_50_candidate,wheel_0_suspension_length_candidate,wheel_0_tire_force_multiplier_candidate,wheel_0_load_or_spin_candidate,wheel_0_rotation_or_phase_candidate,wheel_0_vertical_load_candidate,wheel_1_contact_flag,wheel_1_contact_ptr,wheel_1_contact_surface_44_candidate,wheel_1_contact_surface_48_candidate,wheel_1_contact_surface_4c_candidate,wheel_1_contact_surface_50_candidate,wheel_1_suspension_length_candidate,wheel_1_tire_force_multiplier_candidate,wheel_1_load_or_spin_candidate,wheel_1_rotation_or_phase_candidate,wheel_1_vertical_load_candidate,wheel_2_contact_flag,wheel_2_contact_ptr,wheel_2_contact_surface_44_candidate,wheel_2_contact_surface_48_candidate,wheel_2_contact_surface_4c_candidate,wheel_2_contact_surface_50_candidate,wheel_2_suspension_length_candidate,wheel_2_tire_force_multiplier_candidate,wheel_2_load_or_spin_candidate,wheel_2_rotation_or_phase_candidate,wheel_2_vertical_load_candidate,wheel_3_contact_flag,wheel_3_contact_ptr,wheel_3_contact_surface_44_candidate,wheel_3_contact_surface_48_candidate,wheel_3_contact_surface_4c_candidate,wheel_3_contact_surface_50_candidate,wheel_3_suspension_length_candidate,wheel_3_tire_force_multiplier_candidate,wheel_3_load_or_spin_candidate,wheel_3_rotation_or_phase_candidate,wheel_3_vertical_load_candidate,web_telemetry_schema_version,web_capture_has_simulation,web_gear,web_engine_rpm,web_clutch,web_steer_state,web_steer_raw,web_steer_limit,web_steer_target,web_steer_speed_kph,web_speed_forward,web_speed_right,web_front_grip_scale,web_rear_grip_scale,web_inertia_roll_torque,web_inertia_pitch_torque,web_longitudinal_accel_filtered,web_lateral_accel_filtered,web_load_transfer_long,web_load_transfer_lat,web_aero_drag_force,web_rolling_resistance_drag,web_brake_distance_scale,web_slip_long_avg,web_slip_lat_avg,web_slip_angle_deg,web_surface_type,web_surface_grip,web_wheel_contacts,web_forward_impulse,web_suspension_force,web_front_suspension_force_sum,web_rear_suspension_force_sum,web_suspension_force_front_rear_ratio,web_suspension_force_front_minus_rear,web_camera_fov_degrees,web_sim_steps,web_sim_backlog_ms,web_wheel_0_forward_impulse,web_wheel_0_suspension_force,web_wheel_0_angular_velocity,web_wheel_0_longitudinal_speed,web_wheel_0_ground_relative_longitudinal_velocity,web_wheel_0_slip_ratio,web_wheel_1_forward_impulse,web_wheel_1_suspension_force,web_wheel_1_angular_velocity,web_wheel_1_longitudinal_speed,web_wheel_1_ground_relative_longitudinal_velocity,web_wheel_1_slip_ratio,web_wheel_2_forward_impulse,web_wheel_2_suspension_force,web_wheel_2_angular_velocity,web_wheel_2_longitudinal_speed,web_wheel_2_ground_relative_longitudinal_velocity,web_wheel_2_slip_ratio,web_wheel_3_forward_impulse,web_wheel_3_suspension_force,web_wheel_3_angular_velocity,web_wheel_3_longitudinal_speed,web_wheel_3_ground_relative_longitudinal_velocity,web_wheel_3_slip_ratio,web_input_throttle_raw,web_input_brake_raw,web_input_steer_raw,web_input_handbrake_raw,web_input_reset_raw,web_input_version_raw,web_input_snapshot_present,web_input_sanity_mask,web_input_steer_missing_under_turn_test
2026-05-01T20:16:41.208Z,0,0.012699999999254943,WebPort,true,false,webtest,webtest,car_16,car_16,0,0,0,0.003927621059119701,0.6406583786010742,0.2346513569355011,-0.0006587490426116742,-0.040614835197033114,0.9991746600127612,-0.9999997829166908,0.000012060985386348367,-0.0006588027809532965,-0.000014706135402941747,0.9991748770943205,0.040614834325392875,-0.00003378250767127611,-0.1397377848625183,0.05091441050171852,-0.00007147785800043494,-1.7407518759782192e-9,0.0000028117376587033505,0,0,0,0,1.6033345062231492e-20,16.700000001117587,0.016700000001117588,0.14872433175603375,0.05091442170932838,-0.0006592930881150303,-0.03777471141113793,0.040626009627856265,2.327698890134012,0.000012070945399304746,0.0006916142261130202,-1.7407518759782192e-9,-6.61423993148686e-7,0.9997936437115128,0.020311608808813494,0.0003294559411964882,0.007431256068152431,2.3443986380235646,-5.043849849633975,-0.0006488748054111141,-0.26933663332300917,0.9630458747701036,1.7453292519943295,0,web_chase,1,tarmac,1.6,0,7946.8388671875,0,0.05440545082092285,0.9996695576391729,-0.1573814551967345,3.127442805517468,7946.8388671875,1,tarmac,1.6,0,7946.29541015625,0,0.05442538857460022,0.9996695576391729,-0.1573814551967345,1.8406461579173765,7946.29541015625,1,tarmac,1.6,0,5755.7509765625,0,0.15482529997825623,0.9997413929350049,-0.1495478274400692,3.4633616648275094,5755.7509765625,1,tarmac,1.6,0,5755.1474609375,0,0.1548452079296112,0.9997413929350049,-0.1495478274400692,2.680892185268469,5755.1474609375,2026-04-28-slip-live-v5-loadtransfer,1,0,1000.0000000000006,0.25,1.6033345062231492e-20,0,1,1.818551753201999e-180,0.18399180429593254,0.05655442914105127,-0.0000014247236340551555,0.9996695576391729,0.9997413929350049,-2.6199767531051813e-17,-6.087953384710752e-11,-0.00048797724369720516,0.000001089358871150088,-0.00005136602565233739,1.2815986719412799e-7,0.000959521037250008,137.16,0.08559043993604634,0.002778406003385074,0.000002849447268110311,0.0001632613024073613,tarmac,1.6,4,0,27404.03271484375,15893.13427734375,11510.8984375,1.3807031973774853,4382.23583984375,100,1,0.9333333329636962,0,7946.8388671875,-0.1573814551967345,0.05114897293893871,-0.005405456202112559,-0.0027027281010562794,0,7946.29541015625,-0.1573814551967345,0.05114897293893871,-0.005405456202112559,-0.0027027281010562794,0,5755.7509765625,-0.1495478274400692,0.050846261329623534,-0.005708167811427738,-0.002854083905713869,0,5755.1474609375,-0.1495478274400692,0.050846261329623534,-0.005708167811427738,-0.002854083905713869,0,0,0,0,0,24,1,,0
2026-05-01T20:16:41.224Z,1,0.02959999999962747,WebPort,true,false,webtest,webtest,car_16,car_16,0,0,0,0.003927033860236406,0.6406180262565613,0.2355029582977295,-0.0006587473687769055,-0.04062023875374945,0.9991744403533812,-0.9999997829171152,0.000012018480512893671,-0.0006588029133265525,-0.00001475217309062171,0.999174657434397,0.04062023785293324,-0.000033740507205948234,-0.13994260132312775,0.050897445529699326,0.0003205951943527907,-2.0490731333921985e-9,0.0000027237142603553366,0,0,0,0,1.555948810348458e-20,16.90000000037253,0.01690000000037253,0.14891098940291284,0.050897456713184956,-0.0006592915578375228,-0.037774623732695266,0.040631417647447,2.3280087468320856,0.000012028408069490243,0.0006891770166428931,-2.0490731333921985e-9,-6.835642397570529e-7,0.9997935887853169,0.020314312253538375,0.0003294555738510472,0.007430621965684022,2.34436752134704,-5.042998832289007,-0.0006488653776333733,-0.26933823313667715,0.9630454273524871,1.7453292519943295,0,web_chase,1,tarmac,1.6,0,7948.4072265625,0,0.054368793964385986,0.999669867683901,-0.15684714616597994,3.124792088747178,7948.4072265625,1,tarmac,1.6,0,7947.86572265625,0,0.05438864231109619,0.999669867683901,-0.15684714616597994,1.8379954411470862,7947.86572265625,1,tarmac,1.6,0,5756.66552734375,0,0.1547851860523224,0.9997416355787051,-0.1492223596318269,3.4608398069497,5756.66552734375,1,tarmac,1.6,0,5756.06640625,0,0.15480494499206543,0.9997416355787051,-0.1492223596318269,2.6783703273906596,5756.06640625,2026-04-28-slip-live-v5-loadtransfer,1,0,1000.0000000000006,0.25,1.555948810348458e-20,0,1,1.3928803225601257e-180,0.18393050073350228,0.056547838159989,-0.000001445430272619865,0.999669867683901,0.9997416355787051,-2.6858384890739993e-17,-6.266201460221178e-11,-0.0004784782370291276,8.25684786984965e-7,-0.00005036613021359238,9.713938670411353e-8,0.000959297400797273,137.16,0.08559043993604634,0.002846187885303341,0.00000289086054523973,0.0001656341084026631,tarmac,1.6,4,0,27409.0048828125,15896.27294921875,11512.73193359375,1.3807559353339913,4383.541015625,100,1,1.16666666666956,0,7948.4072265625,-0.15684714616597994,0.05097532250394348,-0.005572515656045517,-0.0027862578280227583,0,7947.86572265625,-0.15684714616597994,0.05097532250394348,-0.005572515656045517,-0.0027862578280227583,0,5756.66552734375,-0.1492223596318269,0.05073560227482115,-0.005812235885167848,-0.002906117942583924,0,5756.06640625,-0.1492223596318269,0.05073560227482115,-0.005812235885167848,-0.002906117942583924,0,0,0,0,0,24,1,,0
2026-05-01T20:16:41.241Z,2,0.04619999999925494,WebPort,true,false,webtest,webtest,car_16,car_16,0,0,0,0.003926447592675686,0.6405764818191528,0.23635780811309814,-0.0006587457590446378,-0.040631988490758386,0.9991739626137743,-0.9999997829175192,0.00001198177434995429,-0.0006588029686072141,-0.000014796597681737891,0.9991741796942734,0.04063198756320859,-0.00003370035847183317,-0.14009292423725128,0.05088048800826073,0.0006958438898436725,-1.9200063761104502e-9,0.0000026282630187779432,0,0,0,0,1.5099635734327756e-20,16.59999999962747,0.016599999999627472,0.14904647804298213,0.05088049916886552,-0.0006592902620051472,-0.037774549486969185,0.040643177092834756,2.328682513422218,0.00001199167732001055,0.0006870724997193544,-1.9200063761104502e-9,-7.038511998087761e-7,0.9997934693257363,0.020320190756189793,0.0003294552245226235,0.0074299953988722685,2.3443459433668146,-5.042145288203771,-0.0006488567918252921,-0.2693416880039276,0.9630444611169615,1.7453292519943295,0,web_chase,1,tarmac,1.6,0,7950.2373046875,0,0.05432087182998657,0.9996618219644147,-0.15764936766379753,3.1221751092440186,7950.2373046875,1,tarmac,1.6,0,7949.69775390625,0,0.05434060096740723,0.9996618219644147,-0.15764936766379753,1.835378461643927,7949.69775390625,1,tarmac,1.6,0,5757.32421875,0,0.15475258231163025,0.9997353389286723,-0.14971084490304026,3.458354606924324,5757.32421875,1,tarmac,1.6,0,5756.7236328125,0,0.15477237105369568,0.9997353389286723,-0.14971084490304026,2.6758851273652837,5756.7236328125,2026-04-28-slip-live-v5-loadtransfer,1,0,1000.0000000000006,0.25,1.5099635734327756e-20,0,1,1.066846510999293e-180,0.18386921727983693,0.056539950756590594,-0.0000014727829413094978,0.9996618219644147,0.9997353389286723,-2.7789941977682975e-17,-6.5056029153601e-11,-0.00047794085066788926,5.467350420607807e-7,-0.00005030956322819887,6.432176965420949e-8,0.0009590298101180337,137.16,0.08559043993604634,0.002735542438853324,0.0000029455658826189955,0.00016876849335130758,tarmac,1.6,4,0,27413.98291015625,15899.93505859375,11514.0478515625,1.3809161872152607,4385.88720703125,100,1,1.0999999996303653,0,7950.2373046875,-0.15764936766379753,0.0512360444907342,-0.0053039062658563965,-0.0026519531329281983,0,7949.69775390625,-0.15764936766379753,0.0512360444907342,-0.0053039062658563965,-0.0026519531329281983,0,5757.32421875,-0.14971084490304026,0.050901687267033695,-0.0056382634895568995,-0.0028191317447784497,0,5756.7236328125,-0.14971084490304026,0.050901687267033695,-0.0056382634895568995,-0.0028191317447784497,0,0,0,0,0,24,1,,0
2026-05-01T20:16:41.258Z,3,0.06290000000037253,WebPort,true,false,webtest,webtest,car_16,car_16,0,0,0,0.003925864119082689,0.640534520149231,0.23721566796302795,-0.0006587441677598523,-0.04064967504122961,0.9991732432241989,-0.999999782917983,0.00001195394344981592,-0.0006588027704960677,-0.000014836058090855682,0.9991734603041384,0.040649674091506695,-0.00003364169242559001,-0.14018966257572174,0.05086353421211243,0.0010476948227733374,-3.1314930648562722e-9,0.0000023348795821220847,0,0,0,0,1.4653374056587818e-20,16.799999998882413,0.016799999998882414,0.14913162554403048,0.05086354533760108,-0.0006592891440832081,-0.03777448543476025,0.040660878267660884,2.3296967160321786,0.000011963832031334103,0.0006854770821988706,-3.1314930648562722e-9,-7.206776319359787e-7,0.9997932894411625,0.02032903951030188,0.0003294548363573152,0.007429381250228155,2.3443340164443014,-5.041289399956348,-0.0006488496644930889,-0.2693468843350333,0.9630430078107224,1.7453292519943295,0,web_chase,1,tarmac,1.6,0,7952.28857421875,0,0.05426287651062012,0.9996749200139178,-0.15711404836463033,3.1195355932316957,7952.28857421875,1,tarmac,1.6,0,7951.75146484375,0,0.054282546043395996,0.9996749200139178,-0.15711404836463033,1.832738945631604,7951.75146484375,1,tarmac,1.6,0,5757.71875,0,0.1547280251979828,0.9997455895761096,-0.1493849990947222,3.4558449389396557,5757.71875,1,tarmac,1.6,0,5757.12060546875,0,0.15474772453308105,0.9997455895761096,-0.1493849990947222,2.6733754593806154,5757.12060546875,2026-04-28-slip-live-v5-loadtransfer,1,0,1000.0000000000006,0.25,1.4653374056587818e-20,0,1,8.171279754598114e-181,0.18380795452335386,0.056530735108149405,-0.0000014984271941861652,0.9996749200139178,0.9997455895761096,-2.8686569749452007e-17,-6.734127790191265e-11,-0.00048564101827212305,3.109200273126208e-7,-0.00005112010718653927,3.6578826742661267e-8,0.0009587172042339118,137.16,0.08559043993604634,0.0028021262013971007,0.0000029968543883723305,0.00017170710826848017,tarmac,1.6,4,0,27418.87939453125,15904.0400390625,11514.83935546875,1.3811777609827605,4389.20068359375,100,1,1.2333333318461128,0,7952.28857421875,-0.15711404836463033,0.05106206571850486,-0.005468669389644548,-0.002734334694822274,0,7951.75146484375,-0.15711404836463033,0.05106206571850486,-0.005468669389644548,-0.002734334694822274,0,5757.71875,-0.1493849990947222,0.05079089969220555,-0.0057398354159438544,-0.0028699177079719272,0,5757.12060546875,-0.1493849990947222,0.05079089969220555,-0.0057398354159438544,-0.0028699177079719272,0,0,0,0,0,24,1,,0
2026-05-01T20:16:41.274Z,4,0.0795,WebPort,true,false,webtest,webtest,car_16,car_16,0,0,0,0.003925287164747715,0.6404929161071777,0.2380761206150055,-0.0006587426665689372,-0.040672809763574964,0.9991723017598294,-0.9999997829184817,0.000011936160076832082,-0.0006588023359340394,-0.000014869061543101911,0.9991725188391963,0.0406728087971176,-0.0000335792574333027,-0.14023467898368835,0.050846587866544724,0.0013702057767659426,-3.3123797038570046e-9,0.0000019532108126441017,0,0,0,0,1.4220301404631232e-20,16.5,0.0165,0.14916816622488493,0.05084659895447072,-0.0006592882628606176,-0.037774434944425006,0.04068403213849618,2.3310233351104324,0.000011946045203616387,0.0006844579720397191,-3.3123797038570046e-9,-7.33377136012906e-7,0.9997930540263705,0.020340614048351604,0.00032945442989350515,0.007428784618517592,2.344331669523613,-5.040431535172136,-0.000648844293317768,-0.2693536752160887,0.9630411084936452,1.7453292519943295,0,web_chase,1,tarmac,1.6,0,7954.51904296875,0,0.054196178913116455,0.999667013425532,-0.157917786734376,3.116929949750535,7954.51904296875,1,tarmac,1.6,0,7953.9833984375,0,0.05421578884124756,0.999667013425532,-0.157917786734376,1.8301333021504433,7953.9833984375,1,tarmac,1.6,0,5757.85205078125,0,0.15471169352531433,0.999739401811286,-0.14987405169783719,3.4533720170866147,5757.85205078125,1,tarmac,1.6,0,5757.2548828125,0,0.15473133325576782,0.999739401811286,-0.14987405169783719,2.6709025375275743,5757.2548828125,2026-04-28-slip-live-v5-loadtransfer,1,0,1000.0000000000006,0.25,1.4220301404631232e-20,0,1,6.258614724752028e-181,0.18374671182199662,0.05652016882967277,-0.0000015431714322565828,0.999667013425532,0.999739401811286,-3.036789849230279e-17,-7.142305309130948e-11,-0.0005008708754325842,-2.7818207617361288e-8,-0.000052723250045535184,-3.2727303079248574e-9,0.0009583588460748274,137.16,0.08559043993604634,0.0026899698483521736,0.0000030863428645131656,0.00017683442026635975,tarmac,1.6,4,0,27423.609375,15908.50244140625,11515.10693359375,1.3815331922793848,4393.3955078125,100,1,1.0666666651794472,0,7954.51904296875,-0.157917786734376,0.0513232806886722,-0.005196888141000569,-0.0025984440705002845,0,7953.9833984375,-0.157917786734376,0.0513232806886722,-0.005196888141000569,-0.0025984440705002845,0,5757.85205078125,-0.14987405169783719,0.050957177577264645,-0.005562991252408125,-0.0027814956262040627,0,5757.2548828125,-0.14987405169783719,0.050957177577264645,-0.005562991252408125,-0.0027814956262040627,0,0,0,0,0,24,1,,0
2026-05-01T20:16:41.291Z,5,0.09619999999925494,WebPort,true,false,webtest,webtest,car_16,car_16,0,0,0,0.003924712538719177,0.6404524445533752,0.2389392852783203,-0.000658741221855837,-0.04070081209588185,0.9991711614907319,-0.9999997829190105,0.000011926180030372982,-0.0006588017138736331,-0.000014897469611720335,0.9991713785695134,0.04070081111677572,-0.00003353111242176965,-0.14023041725158691,0.05082964524626732,0.0016581028467044234,-2.4133128828651706e-9,0.0000016814370837892056,0,0,0,0,1.3800027983837956e-20,16.800000000745058,0.01680000000074506,0.14915838522440183,0.050829656306106245,-0.0006592875693391426,-0.03777439520857149,0.04071205767738303,2.3326290802072283,0.00001193607051363,0.0006838864644015478,-2.4133128828651706e-9,-7.429763631458132e-7,0.9997927689000428,0.02035462391426737,0.0003294540070486338,0.007428198869486715,2.3443387459968354,-5.039571492937602,-0.0006488402451313101,-0.26936190121126063,0.9630388077238587,1.7453292519943295,0,web_chase,1,tarmac,1.6,0,7956.8876953125,0,0.05412212014198303,0.9996802804322541,-0.1571140483596542,3.1142904337379846,7956.8876953125,1,tarmac,1.6,0,7956.349609375,0,0.05414175987243652,0.9996802804322541,-0.1571140483596542,1.827493786137893,7956.349609375,1,tarmac,1.6,0,5757.736328125,0,0.15470349788665771,0.9997497846861119,-0.14938499909169103,3.450862349101719,5757.736328125,1,tarmac,1.6,0,5757.13916015625,0,0.15472310781478882,0.9997497846861119,-0.14938499909169103,2.6683928695426786,5757.13916015625,2026-04-28-slip-live-v5-loadtransfer,1,0,1000.0000000000006,0.25,1.3800027983837956e-20,0,1,4.7936503765938436e-181,0.1836854897677173,0.05650826277589805,-0.0000015924642935609962,0.9996802804322541,0.9997497846861119,-3.230920937563697e-17,-7.605879974398185e-11,-0.0005227904687833656,-3.591134506045664e-7,-0.00005503057566140691,-4.2248641247596047e-8,0.0009579551293457663,137.16,0.08559043993604634,0.002790890035933382,0.0000031849285871219925,0.00018248296609203746,tarmac,1.6,4,0,27428.11279296875,15913.2373046875,11514.87548828125,1.3819721560065923,4398.36181640625,100,1,1.1999999992578398,0,7956.8876953125,-0.1571140483596542,0.051062065716887615,-0.005446197059010435,-0.0027230985295052176,0,7956.349609375,-0.1571140483596542,0.051062065716887615,-0.005446197059010435,-0.0027230985295052176,0,5757.736328125,-0.14938499909169103,0.05079089969117496,-0.005717363084723093,-0.0028586815423615464,0,5757.13916015625,-0.14938499909169103,0.05079089969117496,-0.005717363084723093,-0.0028586815423615464,0,0,0,0,0,24,1,,0
2026-05-01T20:16:41.308Z,6,0.11280000000074505,WebPort,true,false,webtest,webtest,car_16,car_16,0,0,0,0.003924140240997076,0.6404135823249817,0.2398044764995575,-0.0006587398488542762,-0.04073301329157248,0.9991698492698827,-0.9999997829195525,0.000011923067303202215,-0.0006588009474833527,-0.000014921778390164726,0.9991700663480814,0.04073301230343128,-0.00003348576865391806,-0.14018034934997559,0.05081271007657051,0.001906937570311129,-2.196269166532261e-9,0.0000014391595186680206,0,0,0,0,1.339217551975997e-20,16.5,0.0165,0.14910554305760573,0.05081272111019359,-0.0006592870610468629,-0.037774366085569104,0.04074428559896016,2.3344756040960766,0.00001193297087673425,0.0006837088682893982,-2.196269166532261e-9,-7.49833406580045e-7,0.999792440776774,0.020370734532587066,0.0003294535802136054,0.007427623112132597,2.3443545516334847,-5.038709894977929,-0.0006488373917451285,-0.26937135852046884,0.9630361624668495,1.7453292519943295,0,web_chase,1,tarmac,1.6,0,7959.3427734375,0,0.05404245853424072,0.9996682904485867,-0.157917786734376,3.111684790256824,7959.3427734375,1,tarmac,1.6,0,7958.8056640625,0,0.054062068462371826,0.9996682904485867,-0.157917786734376,1.8248881426567323,7958.8056640625,1,tarmac,1.6,0,5757.376953125,0,0.1547035276889801,0.999740401220633,-0.14987405169783719,3.448389427248678,5757.376953125,1,tarmac,1.6,0,5756.77783203125,0,0.15472319722175598,0.999740401220633,-0.14987405169783719,2.6659199476896376,5756.77783203125,2026-04-28-slip-live-v5-loadtransfer,1,0,1000.0000000000006,0.25,1.339217551975997e-20,0,1,3.671592667645595e-181,0.18362428772969422,0.05649502962988469,-0.0000016279654629038407,0.9996682904485867,0.999740401220633,-3.376081514989632e-17,-7.948779236108681e-11,-0.0005506348212822539,-5.593724619603527e-7,-0.0000579615601349741,-6.580852493651208e-8,0.000957506512659546,137.16,0.08559043993604634,0.0026774002484581325,0.0000032559309258076814,0.00018655110043424368,tarmac,1.6,4,0,27432.30322265625,15918.1484375,11514.15478515625,1.3824851875381479,4403.99365234375,100,1,1.0333333325911742,0,7959.3427734375,-0.157917786734376,0.0513232806886722,-0.005171748941212487,-0.0025858744706062434,0,7958.8056640625,-0.157917786734376,0.0513232806886722,-0.005171748941212487,-0.0025858744706062434,0,5757.376953125,-0.14987405169783719,0.050957177577264645,-0.005537852052620043,-0.0027689260263100215,0,5756.77783203125,-0.14987405169783719,0.050957177577264645,-0.005537852052620043,-0.0027689260263100215,0,0,0,0,0,24,1,,0
2026-05-01T20:16:41.324Z,7,0.1295,WebPort,true,false,webtest,webtest,car_16,car_16,0,0,0,0.003923570271581411,0.6403770446777344,0.24067124724388123,-0.0006587390602625347,-0.040768775843501574,0.9991683907025246,-0.9999997829197733,0.000011926631560344579,-0.0006588005477553538,-0.000014941778594362644,0.9991686077804776,0.04076877484994454,-0.000033441341656725854,-0.14008823037147522,0.050795778632164,0.0021132342517375946,-2.1119623827559053e-9,0.000001182226583296142,0,0,0,0,1.2996376917648733e-20,16.699999999254942,0.016699999999254943,0.14901316899449746,0.05079578964019696,-0.0006592872342137796,-0.03777437600730258,0.040780077882205966,2.3365263508651983,0.00001193655551916467,0.0006839142531717248,-2.1119623827559053e-9,-7.539435214126551e-7,0.9997920760591644,0.020388626957026663,0.0003294534032543986,0.007427057802039162,2.3443786964142745,-5.037846827836611,-0.000648835886287464,-0.2693818708104903,0.9630332220077524,1.7453292519943295,0,web_chase,1,tarmac,1.6,0,7961.84619140625,0,0.053958505392074585,0.9996817208751247,-0.15738145520172003,3.1090565199550397,7961.84619140625,1,tarmac,1.6,0,7961.30859375,0,0.05397811532020569,0.9996817208751247,-0.15738145520172003,1.8222598723549481,7961.30859375,1,tarmac,1.6,0,5756.79833984375,0,0.15471121668815613,0.999750911989228,-0.14954782744310388,3.4458919785305326,5756.79833984375,1,tarmac,1.6,0,5756.20068359375,0,0.15473082661628723,0.999750911989228,-0.14954782744310388,2.6634224989714923,5756.20068359375,2026-04-28-slip-live-v5-loadtransfer,1,0,1000.0000000000006,0.25,1.2996376917648733e-20,0,1,2.8121768710816183e-181,0.18356310630464556,0.05648051795990122,-0.0000016610798977153052,0.9996817208751247,0.999750911989228,-3.516686817489755e-17,-8.275440224017826e-11,-0.0005834964338453624,-7.207928178597417e-7,-0.00006142067724688024,-8.479915504232255e-8,0.0009570146735333732,137.16,0.08559043993604634,0.002741450412147026,0.0000033221597954306105,0.00019034573514551867,tarmac,1.6,4,0,27436.15380859375,15923.15478515625,11512.9990234375,1.3830588148874858,4410.15576171875,100,1,1.0666666651794505,0,7961.84619140625,-0.15738145520172003,0.051148972940559014,-0.005331545019342208,-0.002665772509671104,0,7961.30859375,-0.15738145520172003,0.051148972940559014,-0.005331545019342208,-0.002665772509671104,0,5756.79833984375,-0.14954782744310388,0.050846261330655326,-0.005634256629245896,-0.002817128314622948,0,5756.20068359375,-0.14954782744310388,0.050846261330655326,-0.005634256629245896,-0.002817128314622948,0,0,0,0,0,24,1,,0
2026-05-01T20:16:41.341Z,8,0.14619999999925495,WebPort,true,false,webtest,webtest,car_16,car_16,0,0,0,0.003923005890101194,0.640343189239502,0.24153918027877808,-0.0006587390370370662,-0.04080721646665066,0.9991668214803396,-0.9999997829195677,0.000011937202810123805,-0.0006588006685844347,-0.000014956564502141651,0.999167038558492,0.04080721547170398,-0.00003339444810990244,-0.13995850086212158,0.05077885463833809,0.0022742070723325014,-2.1725221621693436e-9,8.73939882239938e-7,0,0,0,0,1.261227593204514e-20,16.700000001117587,0.016700000001117588,0.1488854430666179,0.05077886561917895,-0.000659288246399507,-0.037774434001272846,0.0408185505213865,2.338730670716972,0.000011947154328447197,0.0006845215202114777,-2.1725221621693436e-9,-7.549977013532892e-7,0.9997916836719538,0.0204078592748961,0.00032945355696062324,0.007426505233727185,2.3444093350064064,-5.036980099277161,-0.000648835924293585,-0.2693931784278057,0.9630300589433893,1.7453292519943295,0,web_chase,1,tarmac,1.6,0,7964.3525390625,0,0.053871870040893555,0.9996741102285358,-0.1573814551967345,3.106428249653028,7964.3525390625,1,tarmac,1.6,0,7963.81494140625,0,0.05389147996902466,0.9996741102285358,-0.1573814551967345,1.8196316020529366,7963.81494140625,1,tarmac,1.6,0,5756.01220703125,0,0.15472644567489624,0.9997449558310281,-0.15319533542641237,3.443333616428724,5756.01220703125,1,tarmac,1.6,0,5755.41455078125,0,0.15474602580070496,0.9997449558310281,-0.15319533542641237,2.6608641368696837,5755.41455078125,2026-04-28-slip-live-v5-loadtransfer,1,0,1000.0000000000006,0.25,1.261227593204514e-20,0,1,2.153925958055041e-181,0.18350194486194615,0.05646478408182645,-0.0000016937330988387744,0.9996741102285358,0.9997449558310281,-3.660610639242649e-17,-8.6039922436639e-11,-0.0006205132541828214,-8.608304641684752e-7,-0.0000653171846508233,-1.0127417225511473e-7,0.000956481553282804,137.16,0.08559043993604634,0.002423545294933497,0.0000033874661976775487,0.00019408751636940978,tarmac,1.6,4,0,27439.59423828125,15928.16748046875,11511.4267578125,1.383683171128959,4416.74072265625,100,1,1.0999999996303724,0,7964.3525390625,-0.1573814551967345,0.05114897293893871,-0.00531581114288774,-0.00265790557144387,0,7963.81494140625,-0.1573814551967345,0.05114897293893871,-0.00531581114288774,-0.00265790557144387,0,5756.01220703125,-0.15319533542641237,0.052086414044980205,-0.004378370036846248,-0.002189185018423124,0,5755.41455078125,-0.15319533542641237,0.052086414044980205,-0.004378370036846248,-0.002189185018423124,0,0,0,0,0,24,1,,0
2026-05-01T20:16:41.358Z,9,0.16280000000074507,WebPort,true,false,webtest,webtest,car_16,car_16,0,0,0,0.003922443836927414,0.6403124928474426,0.242407888174057,-0.0006587390845840998,-0.040847621931241085,0.9991651704525039,-0.9999997829193782,0.000011953281384924054,-0.0006588006647265844,-0.000014967138048367446,0.9991653875308539,0.040847620938107544,-0.00003335738438181579,-0.13979575037956238,0.050761934369802475,0.0023882670793682337,-1.5591040680718038e-9,6.242441372705798e-7,0,0,0,0,1.2239526846134554e-20,16.59999999962747,0.016599999999627472,0.14872668529172614,0.05076194532993418,-0.0006592893833986516,-0.037774499146525135,0.04085898970363116,2.3410476651865517,0.00001196326607539204,0.000685444655312,-1.5591040680718038e-9,-7.536214686453159e-7,0.9997912708289085,0.02042807465242635,0.00032945370392620455,0.007425961405304274,2.3444465467905022,-5.036112947284924,-0.0006488370473608306,-0.26940507069600284,0.9630267321802484,1.7453292519943295,0,web_chase,1,tarmac,1.6,0,7966.82177734375,0,0.05378413200378418,0.9997117701084229,-0.15764936766379753,3.103811270149869,7966.82177734375,1,tarmac,1.6,0,7966.2802734375,0,0.053803831338882446,0.9997117701084229,-0.15764936766379753,1.8170146225497774,7966.2802734375,1,tarmac,1.6,0,5755.05908203125,0,0.1547481119632721,0.9997744287805049,-0.15336232892506563,3.440787801768572,5755.05908203125,1,tarmac,1.6,0,5754.4580078125,0,0.15476778149604797,0.9997744287805049,-0.15336232892506563,2.6583183222095315,5754.4580078125,2026-04-28-slip-live-v5-loadtransfer,1,0,1000.0000000000006,0.25,1.2239526846134554e-20,0,1,1.6497529300135814e-181,0.183440804000189,0.05644788562665557,-0.0000017294155348597797,0.9997117701084229,0.9997744287805049,-3.823458406025574e-17,-8.970337281629073e-11,-0.000660903636757354,-0.0000010055853881471325,-0.00006956880386919516,-1.1830416331142735e-7,0.0009559091384132598,137.16,0.08559043993604634,0.0023791337320136566,0.0000034588310697195593,0.00019817642234286025,tarmac,1.6,4,0,27442.619140625,15933.10205078125,11509.51708984375,1.3843414911682932,4423.5849609375,100,1,1.0333333325911778,0,7966.82177734375,-0.15764936766379753,0.0512360444907342,-0.005211841135921373,-0.0026059205679606866,0,7966.2802734375,-0.15764936766379753,0.0512360444907342,-0.005211841135921373,-0.0026059205679606866,0,5755.05908203125,-0.15336232892506563,0.05214319183452232,-0.004304693792133253,-0.0021523468960666266,0,5754.4580078125,-0.15336232892506563,0.05214319183452232,-0.004304693792133253,-0.0021523468960666266,0,0,0,0,0,24,1,,0
2026-05-01T20:16:41.374Z,10,0.17919999999925496,WebPort,true,false,webtest,webtest,car_16,car_16,0,0,0,0.003921884577721357,0.6402851939201355,0.2432771623134613,-0.0006587392223758724,-0.04088914374657795,0.9991634721036938,-0.9999997829192017,0.000011974938194168754,-0.0006588005394363984,-0.00001497286913302518,0.9991636891822444,0.04088914275869143,-0.0000333179414155893,-0.13960495591163635,0.05074502155184746,0.0024546359200030565,-1.6955693515896542e-9,3.379920201496134e-7,0,0,0,0,1.1877794160578337e-20,16.5,0.0165,0.14854158352957134,0.05074503248971946,-0.0006592906419461897,-0.037774571255987384,0.04090054623784944,2.34342867920845,0.00001198496134641979,0.0006866877027772825,-1.6955693515896542e-9,-7.496395247045801e-7,0.9997908461529765,0.020448848581665395,0.0003294538469925827,0.0074254268198771425,2.344489153184089,-5.03524553297267,-0.000648839314603379,-0.2694173003468389,0.9630233108712194,1.7453292519943295,0,web_chase,1,tarmac,1.6,0,7969.2099609375,0,0.053696900606155396,0.9997170131122549,-0.157917786734376,3.1012056266687082,7969.2099609375,1,tarmac,1.6,0,7968.67041015625,0,0.0537165105342865,0.9997170131122549,-0.157917786734376,1.8144089790686166,7968.67041015625,1,tarmac,1.6,0,5753.95458984375,0,0.15477585792541504,0.9997785320008952,-0.15352951637339418,3.4382545647483695,5753.95458984375,1,tarmac,1.6,0,5753.35498046875,0,0.15479546785354614,0.9997785320008952,-0.15352951637339418,2.655785085189329,5753.35498046875,2026-04-28-slip-live-v5-loadtransfer,1,0,1000.0000000000006,0.25,1.1877794160578337e-20,0,1,1.2635925203975129e-181,0.18337968309340155,0.056429902740013874,-0.0000017556369057625924,0.9997170131122549,0.9997785320008952,-3.949493818850552e-17,-9.244415657560862e-11,-0.0007038274920649677,-0.0000010697803018338967,-0.00007408710442789134,-1.258565060981055e-7,0.0009553001778989059,137.16,0.08559043993604634,0.0023341223061003804,0.0000035112738115251847,0.00020118117011438038,tarmac,1.6,4,0,27445.18994140625,15937.88037109375,11507.3095703125,1.3850223002787376,4430.57080078125,100,1,0.866666665924512,0,7969.2099609375,-0.157917786734376,0.0513232806886722,-0.005106622051341672,-0.002553311025670836,0,7968.67041015625,-0.157917786734376,0.0513232806886722,-0.005106622051341672,-0.002553311025670836,0,5753.95458984375,-0.15352951637339418,0.052200035566954024,-0.0042298671730598494,-0.0021149335865299247,0,5753.35498046875,-0.15352951637339418,0.052200035566954024,-0.0042298671730598494,-0.0021149335865299247,0,0,0,0,0,24,1,,0
2026-05-01T20:16:41.391Z,11,0.196,WebPort,true,false,webtest,webtest,car_16,car_16,0,0,0,0.003921327646821737,0.6402615308761597,0.24414628744125366,-0.0006587394415157949,-0.04093097808589841,0.9991617592238407,-0.9999997829190328,0.00001200090036398905,-0.0006588003232204607,-0.00001497450087276612,0.9991619763025965,0.04093097710602848,-0.000033286465622950345,-0.1393911987543106,0.05072811245918274,0.00247353408485651,-1.1697742774430253e-9,9.565452074866698e-8,0,0,0,0,1.1526752291541799e-20,16.699999999254942,0.016699999999254943,0.1483349210126328,0.05072812338003728,-0.0006592919915026009,-0.03777464857987397,0.04094241562884402,2.3458276186032228,0.00001201096583741241,0.0006881776503595456,-1.1697742774430253e-9,-7.43555963256643e-7,0.9997904178433433,0.020469778898389523,0.00032945398886156837,0.007424899624877966,2.344536092934413,-5.034378530966303,-0.0006488425045102661,-0.2694296409931898,0.9630198583402552,1.7453292519943295,0,web_chase,1,tarmac,1.6,0,7971.484375,0,0.053611427545547485,0.9997223327180912,-0.15738145520172003,3.098577356366924,7971.484375,1,tarmac,1.6,0,7970.9423828125,0,0.05363112688064575,0.9997223327180912,-0.15738145520172003,1.8117807087668325,7970.9423828125,1,tarmac,1.6,0,5752.73583984375,0,0.15480861067771912,0.9997826951706801,-0.15319533542952107,3.4356962026467883,5752.73583984375,1,tarmac,1.6,0,5752.1328125,0,0.15482833981513977,0.9997826951706801,-0.15319533542952107,2.653226723087748,5752.1328125,2026-04-28-slip-live-v5-loadtransfer,1,0,1000.0000000000006,0.25,1.1526752291541799e-20,0,1,9.678213195180654e-182,0.1833185827425912,0.056410920983561076,-0.0000017846741078062867,0.9997223327180912,0.9997826951706801,-4.092769220456798e-17,-9.552738885174186e-11,-0.0007484976195409097,-0.000001145820860057329,-0.00007878922310956944,-1.3480245412439166e-7,0.0009546576028195899,137.16,0.08559043993604634,0.002396613745131492,0.0000035693482156125733,0.00020450858836628332,tarmac,1.6,4,0,27447.29541015625,15942.4267578125,11504.86865234375,1.3857113227072557,4437.55810546875,100,1,0.8999999985127883,0,7971.484375,-0.15738145520172003,0.051148972940559014,-0.005261948043002063,-0.0026309740215010313,0,7970.9423828125,-0.15738145520172003,0.051148972940559014,-0.005261948043002063,-0.0026309740215010313,0,5752.73583984375,-0.15319533542952107,0.05208641404603717,-0.0043245069375239045,-0.0021622534687619523,0,5752.1328125,-0.15319533542952107,0.05208641404603717,-0.0043245069375239045,-0.0021622534687619523,0,0,0,0,0,24,1,,0
2026-05-01T20:16:41.408Z,12,0.213,WebPort,true,false,webtest,webtest,car_16,car_16,0,0,0,0.003920775838196278,0.6402416825294495,0.2450147271156311,-0.00065873974588652,-0.04097232112906085,0.9991600647359983,-0.9999997829188674,0.000012030521079546365,-0.0006588000338939218,-0.000014972150327890606,0.9991602818149669,0.04097232015972539,-0.000033257561881328,-0.13915947079658508,0.05071121081709862,0.0024460512213408947,-1.0599271460520754e-9,-1.39263164555814e-7,0,0,0,0,1.118608527764677e-20,17,0.017,0.14811139834930753,0.05071122172262903,-0.0006592934142301332,-0.037774730096156964,0.040983793382592816,2.3481983892587603,0.000012040631816460553,0.0006898773857541277,-1.0599271460520754e-9,-7.355617843766886e-7,0.9997899941324969,0.020490463439746764,0.0003294541322459553,0.00742438189958395,2.344586218587603,-5.033512433804355,-0.0006488465270317463,-0.26944186141241316,0.963016439276505,1.7453292519943295,0,web_chase,1,tarmac,1.6,0,7973.61083984375,0,0.053529202938079834,0.9997149091875819,-0.15658074763605756,3.0959154836570875,7973.61083984375,1,tarmac,1.6,0,7973.06787109375,0,0.05354893207550049,0.9997149091875819,-0.15658074763605756,1.8091188360569959,7973.06787109375,1,tarmac,1.6,0,5751.43603515625,0,0.1548454463481903,0.999776885451151,-0.15269551637032777,3.4331003788685095,5751.43603515625,1,tarmac,1.6,0,5750.830078125,0,0.15486523509025574,0.999776885451151,-0.15269551637032777,2.650630899309469,5750.830078125,2026-04-28-slip-live-v5-loadtransfer,1,0,1000.0000000000006,0.25,1.118608527764677e-20,0,1,7.412817750923536e-182,0.1832575023235809,0.05639103011550943,-0.0000018060583752487497,0.9997149091875819,0.999776885451151,-4.204822173714672e-17,-9.783035465329488e-11,-0.0007941817897362687,-0.0000011613393550127088,-0.00008359808313013355,-1.3662815941325985e-7,0.0009539844842250415,137.16,0.08559043993604634,0.0024942104208471767,0.0000036121167504974994,0.00020695904491111603,tarmac,1.6,4,0,27448.94482421875,15946.6787109375,11502.26611328125,1.3863945203392962,4444.41259765625,100,1,1.233333331846123,0,7973.61083984375,-0.15658074763605756,0.05088874298171871,-0.005502287133790723,-0.0027511435668953615,0,7973.06787109375,-0.15658074763605756,0.05088874298171871,-0.005502287133790723,-0.0027511435668953615,0,5751.43603515625,-0.15269551637032777,0.051916475565911446,-0.004474554549597984,-0.002237277274798992,0,5750.830078125,-0.15269551637032777,0.051916475565911446,-0.004474554549597984,-0.002237277274798992,0,0,0,0,0,24,1,,0
2026-05-01T20:16:41.424Z,13,0.2295,WebPort,true,false,webtest,webtest,car_16,car_16,0,0,0,0.0039202249608933926,0.6402255892753601,0.24588218331336975,-0.0006587400950184326,-0.041012458376364615,0.9991584180296007,-0.9999997829186987,0.000012061083835709003,-0.0006587997312954519,-0.00001496806311310553,0.9991586351087886,0.04101245741844631,-0.00003324385397718288,-0.13891485333442688,0.050694312900304794,0.002374250441789627,1.1905965796588092e-11,-2.42234705183364e-7,0,0,0,0,1.0855486495585032e-20,16.600000001490116,0.016600000001490117,0.14787579566147113,0.05069432380047924,-0.0006592948502327765,-0.03777481237304779,0.041023964395293065,2.350500018745251,0.00001207124015278111,0.0006916311142432126,1.1905965796588092e-11,-7.268977714559274e-7,0.9997895823693465,0.02051054472892801,0.0003294542795673865,0.007423866503705897,2.344638158275742,-5.0326474524448095,-0.0006488508645496011,-0.26945373342350126,0.9630131175309569,1.7453292519943295,0,web_chase,1,tarmac,1.6,0,7975.55810546875,0,0.05345141887664795,0.9997033293527902,-0.15764936765880255,3.093298504153701,7975.55810546875,1,tarmac,1.6,0,7975.01171875,0,0.05347123742103577,0.9997033293527902,-0.15764936765880255,1.8065018565536093,7975.01171875,1,tarmac,1.6,0,5750.08447265625,0,0.1548854112625122,0.9997678229717488,-0.14971084490000205,3.4306151788429062,5750.08447265625,1,tarmac,1.6,0,5749.4775390625,0,0.15490522980690002,0.9997678229717488,-0.14971084490000205,2.648145699283866,5749.4775390625,2026-04-28-slip-live-v5-loadtransfer,1,0,1000.0000000000006,0.25,1.0855486495585032e-20,0,1,5.677687182564836e-182,0.18319644244043043,0.056370325116558824,-0.0000018251536902044198,0.9997033293527902,0.9997678229717488,-4.309153871509548e-17,-9.990999627034896e-11,-0.0008401907802859836,-0.0000011595730004808242,-0.00008844113476694564,-1.3642035299774402e-7,0.0009532840671233185,137.16,0.08559043993604634,0.002650729619501529,0.0000036503073804088396,0.00020914720682195306,tarmac,1.6,4,0,27450.1318359375,15950.56982421875,11499.56201171875,1.387058899109736,4451.0078125,100,1,1.166666666669574,0,7975.55810546875,-0.15764936765880255,0.05123604448911083,-0.005134280627447994,-0.002567140313723997,0,7975.01171875,-0.15764936765880255,0.05123604448911083,-0.005134280627447994,-0.002567140313723997,0,5750.08447265625,-0.14971084490000205,0.0509016872660007,-0.005468637850558122,-0.002734318925279061,0,5749.4775390625,-0.14971084490000205,0.0509016872660007,-0.005468637850558122,-0.002734318925279061,0,0,0,0,0,24,1,,0
